UNITS=MM
#Layer_Color=9474304
#
#Feature symbol names
#
$0 r169.33164
$1 r101.6
$2 r127

#
#Feature attribute names
#

#
#Layer features
#
A 3.01880016 5.00000016 3.01880016 5.00000016 2.71400016 5.00000016 1 P 0 N
A 3.01880016 39.99999874 3.01880016 39.99999874 2.71400016 39.99999874 1 P 0 N
A 3.22200016 5.00000016 3.22200016 5.00000016 2.71400016 5.00000016 0 P 0 N
A 3.22200016 39.99999874 3.22200016 39.99999874 2.71400016 39.99999874 0 P 0 N
A 3.71724936 3.36357976 3.71724936 3.36357976 3.41244936 3.36357976 1 P 0 N
A 3.71724936 6.63642056 3.71724936 6.63642056 3.41244936 6.63642056 1 P 0 N
A 3.71724936 38.36357834 3.71724936 38.36357834 3.41244936 38.36357834 1 P 0 N
A 3.71724936 41.63641914 3.71724936 41.63641914 3.41244936 41.63641914 1 P 0 N
A 3.92044936 3.36357976 3.92044936 3.36357976 3.41244936 3.36357976 0 P 0 N
A 3.92044936 6.63642056 3.92044936 6.63642056 3.41244936 6.63642056 0 P 0 N
A 3.92044936 38.36357834 3.92044936 38.36357834 3.41244936 38.36357834 0 P 0 N
A 3.92044936 41.63641914 3.92044936 41.63641914 3.41244936 41.63641914 0 P 0 N
A 5.30480016 2.71400016 5.30480016 2.71400016 5.00000016 2.71400016 1 P 0 N
A 5.30480016 7.28600016 5.30480016 7.28600016 5.00000016 7.28600016 1 P 0 N
A 5.30480016 37.71399874 5.30480016 37.71399874 5.00000016 37.71399874 1 P 0 N
A 5.30480016 42.28599874 5.30480016 42.28599874 5.00000016 42.28599874 1 P 0 N
A 5.50800016 2.71400016 5.50800016 2.71400016 5.00000016 2.71400016 0 P 0 N
A 5.50800016 7.28600016 5.50800016 7.28600016 5.00000016 7.28600016 0 P 0 N
A 5.50800016 37.71399874 5.50800016 37.71399874 5.00000016 37.71399874 0 P 0 N
A 5.50800016 42.28599874 5.50800016 42.28599874 5.00000016 42.28599874 0 P 0 N
A 6.89235096 3.36357976 6.89235096 3.36357976 6.58755096 3.36357976 1 P 0 N
A 6.89235096 6.63642056 6.89235096 6.63642056 6.58755096 6.63642056 1 P 0 N
A 6.89235096 38.36357834 6.89235096 38.36357834 6.58755096 38.36357834 1 P 0 N
A 6.89235096 41.63641914 6.89235096 41.63641914 6.58755096 41.63641914 1 P 0 N
A 7.09555096 3.36357976 7.09555096 3.36357976 6.58755096 3.36357976 0 P 0 N
A 7.09555096 6.63642056 7.09555096 6.63642056 6.58755096 6.63642056 0 P 0 N
A 7.09555096 38.36357834 7.09555096 38.36357834 6.58755096 38.36357834 0 P 0 N
A 7.09555096 41.63641914 7.09555096 41.63641914 6.58755096 41.63641914 0 P 0 N
A 7.59080016 5.00000016 7.59080016 5.00000016 7.28600016 5.00000016 1 P 0 N
A 7.59080016 39.99999874 7.59080016 39.99999874 7.28600016 39.99999874 1 P 0 N
A 7.79400016 5.00000016 7.79400016 5.00000016 7.28600016 5.00000016 0 P 0 N
A 7.79400016 39.99999874 7.79400016 39.99999874 7.28600016 39.99999874 0 P 0 N
A 34.5948 41.91 34.5948 41.91 34.29 41.91 1 P 0 N
A 34.798 41.91 34.798 41.91 34.29 41.91 0 P 0 N
A 35.56000254 37.211 35.56000254 37.211 35.05200254 37.211 0 P 0 N
A 36.30395076 35.41495076 36.30395076 35.41495076 35.79595076 35.41495076 0 P 0 N
A 36.30395076 39.00704924 36.30395076 39.00704924 35.79595076 39.00704924 0 P 0 N
A 39.89604924 35.41495076 39.89604924 35.41495076 39.38804924 35.41495076 0 P 0 N
A 39.89604924 39.00704924 39.89604924 39.00704924 39.38804924 39.00704924 0 P 0 N
A 40.386 13.462 40.386 13.462 39.878 13.462 0 P 0 N
A 40.63999746 37.211 40.63999746 37.211 40.13199746 37.211 0 P 0 N
A 41.656 12.192 41.656 12.192 41.148 12.192 0 P 0 N
A 41.656 14.732 41.656 14.732 41.148 14.732 0 P 0 N
A 42.2148 41.91 42.2148 41.91 41.91 41.91 1 P 0 N
A 42.418 41.91 42.418 41.91 41.91 41.91 0 P 0 N
A 47.2948 41.91 47.2948 41.91 46.99 41.91 1 P 0 N
A 47.498 41.91 47.498 41.91 46.99 41.91 0 P 0 N
A 48.5648 6.604 48.5648 6.604 48.26 6.604 1 P 0 N
A 48.768 6.604 48.768 6.604 48.26 6.604 0 P 0 N
A 52.3748 41.91 52.3748 41.91 52.07 41.91 1 P 0 N
A 52.578 41.91 52.578 41.91 52.07 41.91 0 P 0 N
A 53.6448 6.604 53.6448 6.604 53.34 6.604 1 P 0 N
A 53.848 6.604 53.848 6.604 53.34 6.604 0 P 0 N
A 57.4548 41.91 57.4548 41.91 57.15 41.91 1 P 0 N
A 57.658 41.91 57.658 41.91 57.15 41.91 0 P 0 N
A 58.7248 6.604 58.7248 6.604 58.42 6.604 1 P 0 N
A 58.928 6.604 58.928 6.604 58.42 6.604 0 P 0 N
A 62.5348 41.91 62.5348 41.91 62.23 41.91 1 P 0 N
A 62.738 41.91 62.738 41.91 62.23 41.91 0 P 0 N
A 63.8048 6.604 63.8048 6.604 63.5 6.604 1 P 0 N
A 64.008 6.604 64.008 6.604 63.5 6.604 0 P 0 N
A 65.0748 11.43 65.0748 11.43 64.77 11.43 1 P 0 N
A 65.0748 16.51 65.0748 16.51 64.77 16.51 1 P 0 N
A 65.0748 21.59 65.0748 21.59 64.77 21.59 1 P 0 N
A 65.0748 26.67 65.0748 26.67 64.77 26.67 1 P 0 N
A 65.0748 31.75 65.0748 31.75 64.77 31.75 1 P 0 N
A 65.0748 36.83 65.0748 36.83 64.77 36.83 1 P 0 N
A 65.278 11.43 65.278 11.43 64.77 11.43 0 P 0 N
A 65.278 16.51 65.278 16.51 64.77 16.51 0 P 0 N
A 65.278 21.59 65.278 21.59 64.77 21.59 0 P 0 N
A 65.278 26.67 65.278 26.67 64.77 26.67 0 P 0 N
A 65.278 31.75 65.278 31.75 64.77 31.75 0 P 0 N
A 65.278 36.83 65.278 36.83 64.77 36.83 0 P 0 N
A 68.0187997 5.00000016 68.0187997 5.00000016 67.7139997 5.00000016 1 P 0 N
A 68.0187997 39.99999874 68.0187997 39.99999874 67.7139997 39.99999874 1 P 0 N
A 68.2219997 5.00000016 68.2219997 5.00000016 67.7139997 5.00000016 0 P 0 N
A 68.2219997 39.99999874 68.2219997 39.99999874 67.7139997 39.99999874 0 P 0 N
A 68.7172489 3.36357976 68.7172489 3.36357976 68.4124489 3.36357976 1 P 0 N
A 68.7172489 6.63642056 68.7172489 6.63642056 68.4124489 6.63642056 1 P 0 N
A 68.7172489 38.36357834 68.7172489 38.36357834 68.4124489 38.36357834 1 P 0 N
A 68.7172489 41.63641914 68.7172489 41.63641914 68.4124489 41.63641914 1 P 0 N
A 68.9204489 3.36357976 68.9204489 3.36357976 68.4124489 3.36357976 0 P 0 N
A 68.9204489 6.63642056 68.9204489 6.63642056 68.4124489 6.63642056 0 P 0 N
A 68.9204489 38.36357834 68.9204489 38.36357834 68.4124489 38.36357834 0 P 0 N
A 68.9204489 41.63641914 68.9204489 41.63641914 68.4124489 41.63641914 0 P 0 N
A 70.3047997 2.71400016 70.3047997 2.71400016 69.9999997 2.71400016 1 P 0 N
A 70.3047997 7.28600016 70.3047997 7.28600016 69.9999997 7.28600016 1 P 0 N
A 70.3047997 37.71399874 70.3047997 37.71399874 69.9999997 37.71399874 1 P 0 N
A 70.3047997 42.28599874 70.3047997 42.28599874 69.9999997 42.28599874 1 P 0 N
A 70.5079997 2.71400016 70.5079997 2.71400016 69.9999997 2.71400016 0 P 0 N
A 70.5079997 7.28600016 70.5079997 7.28600016 69.9999997 7.28600016 0 P 0 N
A 70.5079997 37.71399874 70.5079997 37.71399874 69.9999997 37.71399874 0 P 0 N
A 70.5079997 42.28599874 70.5079997 42.28599874 69.9999997 42.28599874 0 P 0 N
A 71.8923505 3.36357976 71.8923505 3.36357976 71.5875505 3.36357976 1 P 0 N
A 71.8923505 6.63642056 71.8923505 6.63642056 71.5875505 6.63642056 1 P 0 N
A 71.8923505 38.36357834 71.8923505 38.36357834 71.5875505 38.36357834 1 P 0 N
A 71.8923505 41.63641914 71.8923505 41.63641914 71.5875505 41.63641914 1 P 0 N
A 72.0955505 3.36357976 72.0955505 3.36357976 71.5875505 3.36357976 0 P 0 N
A 72.0955505 6.63642056 72.0955505 6.63642056 71.5875505 6.63642056 0 P 0 N
A 72.0955505 38.36357834 72.0955505 38.36357834 71.5875505 38.36357834 0 P 0 N
A 72.0955505 41.63641914 72.0955505 41.63641914 71.5875505 41.63641914 0 P 0 N
A 72.5907997 5.00000016 72.5907997 5.00000016 72.2859997 5.00000016 1 P 0 N
A 72.5907997 39.99999874 72.5907997 39.99999874 72.2859997 39.99999874 1 P 0 N
A 72.7939997 5.00000016 72.7939997 5.00000016 72.2859997 5.00000016 0 P 0 N
A 72.7939997 39.99999874 72.7939997 39.99999874 72.2859997 39.99999874 0 P 0 N
L 4.49200016 4.49200016 4.49200016 5.50800016 2 P 0
L 4.49200016 4.49200016 5.50800016 4.49200016 2 P 0
L 4.49200016 5.50800016 5.50800016 5.50800016 2 P 0
L 4.49200016 39.49199874 4.49200016 40.50799874 2 P 0
L 4.49200016 39.49199874 5.50800016 39.49199874 2 P 0
L 4.49200016 40.50799874 5.50800016 40.50799874 2 P 0
L 4.69520016 4.69520016 4.69520016 5.30480016 2 P 0
L 4.69520016 4.69520016 5.30480016 4.69520016 2 P 0
L 4.69520016 5.30480016 5.30480016 5.30480016 2 P 0
L 4.69520016 39.69519874 4.69520016 40.30479874 2 P 0
L 4.69520016 39.69519874 5.30480016 39.69519874 2 P 0
L 4.69520016 40.30479874 5.30480016 40.30479874 2 P 0
L 5.30480016 4.69520016 5.30480016 5.30480016 2 P 0
L 5.30480016 39.69519874 5.30480016 40.30479874 2 P 0
L 5.50800016 4.49200016 5.50800016 5.50800016 2 P 0
L 5.50800016 39.49199874 5.50800016 40.50799874 2 P 0
L 8.37700128 11.8730014 8.88500128 10.8570014 2 P 0
L 8.37700128 11.8730014 9.39300128 11.8730014 2 P 0
L 8.37700128 21.14300064 8.88500128 20.12700064 2 P 0
L 8.37700128 21.14300064 9.39300128 21.14300064 2 P 0
L 8.37700128 24.5730014 8.88500128 23.5570014 2 P 0
L 8.37700128 24.5730014 9.39300128 24.5730014 2 P 0
L 8.37700128 33.84300064 8.88500128 32.82700064 2 P 0
L 8.37700128 33.84300064 9.39300128 33.84300064 2 P 0
L 8.58020128 11.6698014 8.88500128 11.0602014 2 P 0
L 8.58020128 11.6698014 9.18980128 11.6698014 2 P 0
L 8.58020128 20.93980064 8.88500128 20.33020064 2 P 0
L 8.58020128 20.93980064 9.18980128 20.93980064 2 P 0
L 8.58020128 24.3698014 8.88500128 23.7602014 2 P 0
L 8.58020128 24.3698014 9.18980128 24.3698014 2 P 0
L 8.58020128 33.63980064 8.88500128 33.03020064 2 P 0
L 8.58020128 33.63980064 9.18980128 33.63980064 2 P 0
L 8.88500128 10.8570014 9.39300128 11.8730014 2 P 0
L 8.88500128 11.0602014 9.18980128 11.6698014 2 P 0
L 8.88500128 20.12700064 9.39300128 21.14300064 2 P 0
L 8.88500128 20.33020064 9.18980128 20.93980064 2 P 0
L 8.88500128 23.5570014 9.39300128 24.5730014 2 P 0
L 8.88500128 23.7602014 9.18980128 24.3698014 2 P 0
L 8.88500128 32.82700064 9.39300128 33.84300064 2 P 0
L 8.88500128 33.03020064 9.18980128 33.63980064 2 P 0
L 11.37700036 16.50800102 11.88500036 15.49200102 2 P 0
L 11.37700036 16.50800102 12.39300036 16.50800102 2 P 0
L 11.37700036 29.20800102 11.88500036 28.19200102 2 P 0
L 11.37700036 29.20800102 12.39300036 29.20800102 2 P 0
L 11.58020036 16.30480102 11.88500036 15.69520102 2 P 0
L 11.58020036 16.30480102 12.18980036 16.30480102 2 P 0
L 11.58020036 29.00480102 11.88500036 28.39520102 2 P 0
L 11.58020036 29.00480102 12.18980036 29.00480102 2 P 0
L 11.88500036 15.49200102 12.39300036 16.50800102 2 P 0
L 11.88500036 15.69520102 12.18980036 16.30480102 2 P 0
L 11.88500036 28.19200102 12.39300036 29.20800102 2 P 0
L 11.88500036 28.39520102 12.18980036 29.00480102 2 P 0
L 13.97299974 21.10399894 13.97299974 21.61199894 2 P 0
L 13.97299974 21.10399894 14.22699974 21.10399894 2 P 0
L 13.97299974 21.61199894 14.22699974 21.61199894 2 P 0
L 13.97299974 27.45399894 13.97299974 27.96199894 2 P 0
L 13.97299974 27.45399894 14.22699974 27.45399894 2 P 0
L 13.97299974 27.96199894 14.22699974 27.96199894 2 P 0
L 14.22699974 20.84999894 14.22699974 21.10399894 2 P 0
L 14.22699974 20.84999894 14.73499974 20.84999894 2 P 0
L 14.22699974 21.61199894 14.22699974 21.86599894 2 P 0
L 14.22699974 21.86599894 14.73499974 21.86599894 2 P 0
L 14.22699974 27.19999894 14.22699974 27.45399894 2 P 0
L 14.22699974 27.19999894 14.73499974 27.19999894 2 P 0
L 14.22699974 27.96199894 14.22699974 28.21599894 2 P 0
L 14.22699974 28.21599894 14.73499974 28.21599894 2 P 0
L 14.73499974 20.84999894 14.73499974 21.10399894 2 P 0
L 14.73499974 21.10399894 14.98899974 21.10399894 2 P 0
L 14.73499974 21.61199894 14.73499974 21.86599894 2 P 0
L 14.73499974 21.61199894 14.98899974 21.61199894 2 P 0
L 14.73499974 27.19999894 14.73499974 27.45399894 2 P 0
L 14.73499974 27.45399894 14.98899974 27.45399894 2 P 0
L 14.73499974 27.96199894 14.73499974 28.21599894 2 P 0
L 14.73499974 27.96199894 14.98899974 27.96199894 2 P 0
L 14.98899974 21.10399894 14.98899974 21.61199894 2 P 0
L 14.98899974 27.45399894 14.98899974 27.96199894 2 P 0
L 15.24 13.081 15.24 13.589 2 P 0
L 15.24 13.081 15.494 13.081 2 P 0
L 15.24 13.589 15.494 13.589 2 P 0
L 15.494 12.827 15.494 13.081 2 P 0
L 15.494 12.827 16.002 12.827 2 P 0
L 15.494 13.589 15.494 13.843 2 P 0
L 15.494 13.843 16.002 13.843 2 P 0
L 16.002 12.827 16.002 13.081 2 P 0
L 16.002 13.081 16.256 13.081 2 P 0
L 16.002 13.589 16.002 13.843 2 P 0
L 16.002 13.589 16.256 13.589 2 P 0
L 16.256 13.081 16.256 13.589 2 P 0
L 17.5610012 6.096 18.0690012 5.08 2 P 0
L 17.5610012 6.096 18.5770012 6.096 2 P 0
L 18.0690012 5.08 18.5770012 6.096 2 P 0
L 18.923 9.144 18.923 9.652 2 P 0
L 18.923 9.144 19.177 9.144 2 P 0
L 18.923 9.652 19.177 9.652 2 P 0
L 19.177 8.89 19.177 9.144 2 P 0
L 19.177 8.89 19.685 8.89 2 P 0
L 19.177 9.652 19.177 9.906 2 P 0
L 19.177 9.906 19.685 9.906 2 P 0
L 19.685 8.89 19.685 9.144 2 P 0
L 19.685 9.144 19.939 9.144 2 P 0
L 19.685 9.652 19.685 9.906 2 P 0
L 19.685 9.652 19.939 9.652 2 P 0
L 19.939 9.144 19.939 9.652 2 P 0
L 22.225 18.56400148 22.733 18.05600148 2 P 0
L 22.225 18.56400148 22.733 19.07200148 2 P 0
L 22.479 26.43800148 22.987 25.93000148 2 P 0
L 22.479 26.43800148 22.987 26.94600148 2 P 0
L 22.733 18.05600148 23.241 18.56400148 2 P 0
L 22.733 19.07200148 23.241 18.56400148 2 P 0
L 22.987 25.93000148 23.495 26.43800148 2 P 0
L 22.987 26.94600148 23.495 26.43800148 2 P 0
L 23.495 19.83400148 24.003 19.32600148 2 P 0
L 23.495 19.83400148 24.003 20.34200148 2 P 0
L 23.749 27.70800148 24.257 27.20000148 2 P 0
L 23.749 27.70800148 24.257 28.21600148 2 P 0
L 24.003 19.32600148 24.511 19.83400148 2 P 0
L 24.003 20.34200148 24.511 19.83400148 2 P 0
L 24.257 27.20000148 24.765 27.70800148 2 P 0
L 24.257 28.21600148 24.765 27.70800148 2 P 0
L 24.765 18.56400148 25.273 18.05600148 2 P 0
L 24.765 18.56400148 25.273 19.07200148 2 P 0
L 25.019 26.43800148 25.527 25.93000148 2 P 0
L 25.019 26.43800148 25.527 26.94600148 2 P 0
L 25.1109988 6.096 25.6189988 5.08 2 P 0
L 25.1109988 6.096 26.1269988 6.096 2 P 0
L 25.273 18.05600148 25.781 18.56400148 2 P 0
L 25.273 19.07200148 25.781 18.56400148 2 P 0
L 25.527 25.93000148 26.035 26.43800148 2 P 0
L 25.527 26.94600148 26.035 26.43800148 2 P 0
L 25.6189988 5.08 26.1269988 6.096 2 P 0
L 28.194 8.636 28.194 9.144 2 P 0
L 28.194 8.636 28.448 8.636 2 P 0
L 28.194 9.144 28.448 9.144 2 P 0
L 28.194 11.176 28.194 11.684 2 P 0
L 28.194 11.176 28.448 11.176 2 P 0
L 28.194 11.684 28.448 11.684 2 P 0
L 28.194 13.716 28.194 14.224 2 P 0
L 28.194 13.716 28.448 13.716 2 P 0
L 28.194 14.224 28.448 14.224 2 P 0
L 28.194 16.256 28.194 16.764 2 P 0
L 28.194 16.256 28.448 16.256 2 P 0
L 28.194 16.764 28.448 16.764 2 P 0
L 28.194 18.796 28.194 19.304 2 P 0
L 28.194 18.796 28.448 18.796 2 P 0
L 28.194 19.304 28.448 19.304 2 P 0
L 28.194 21.336 28.194 21.844 2 P 0
L 28.194 21.336 28.448 21.336 2 P 0
L 28.194 21.844 28.448 21.844 2 P 0
L 28.194 23.876 28.194 24.384 2 P 0
L 28.194 23.876 28.448 23.876 2 P 0
L 28.194 24.384 28.448 24.384 2 P 0
L 28.194 26.416 28.194 26.924 2 P 0
L 28.194 26.416 28.448 26.416 2 P 0
L 28.194 26.924 28.448 26.924 2 P 0
L 28.194 28.956 28.194 29.464 2 P 0
L 28.194 28.956 28.448 28.956 2 P 0
L 28.194 29.464 28.448 29.464 2 P 0
L 28.194 31.496 28.194 32.004 2 P 0
L 28.194 31.496 28.448 31.496 2 P 0
L 28.194 32.004 28.448 32.004 2 P 0
L 28.194 34.036 28.194 34.544 2 P 0
L 28.194 34.036 28.448 34.036 2 P 0
L 28.194 34.544 28.448 34.544 2 P 0
L 28.194 36.576 28.194 37.084 2 P 0
L 28.194 36.576 28.448 36.576 2 P 0
L 28.194 37.084 28.448 37.084 2 P 0
L 28.194 39.116 28.194 39.624 2 P 0
L 28.194 39.116 28.448 39.116 2 P 0
L 28.194 39.624 28.448 39.624 2 P 0
L 28.448 8.382 28.448 8.636 2 P 0
L 28.448 8.382 28.956 8.382 2 P 0
L 28.448 9.144 28.448 9.398 2 P 0
L 28.448 9.398 28.956 9.398 2 P 0
L 28.448 10.922 28.448 11.176 2 P 0
L 28.448 10.922 28.956 10.922 2 P 0
L 28.448 11.684 28.448 11.938 2 P 0
L 28.448 11.938 28.956 11.938 2 P 0
L 28.448 13.462 28.448 13.716 2 P 0
L 28.448 13.462 28.956 13.462 2 P 0
L 28.448 14.224 28.448 14.478 2 P 0
L 28.448 14.478 28.956 14.478 2 P 0
L 28.448 16.002 28.448 16.256 2 P 0
L 28.448 16.002 28.956 16.002 2 P 0
L 28.448 16.764 28.448 17.018 2 P 0
L 28.448 17.018 28.956 17.018 2 P 0
L 28.448 18.542 28.448 18.796 2 P 0
L 28.448 18.542 28.956 18.542 2 P 0
L 28.448 19.304 28.448 19.558 2 P 0
L 28.448 19.558 28.956 19.558 2 P 0
L 28.448 21.082 28.448 21.336 2 P 0
L 28.448 21.082 28.956 21.082 2 P 0
L 28.448 21.844 28.448 22.098 2 P 0
L 28.448 22.098 28.956 22.098 2 P 0
L 28.448 23.622 28.448 23.876 2 P 0
L 28.448 23.622 28.956 23.622 2 P 0
L 28.448 24.384 28.448 24.638 2 P 0
L 28.448 24.638 28.956 24.638 2 P 0
L 28.448 26.162 28.448 26.416 2 P 0
L 28.448 26.162 28.956 26.162 2 P 0
L 28.448 26.924 28.448 27.178 2 P 0
L 28.448 27.178 28.956 27.178 2 P 0
L 28.448 28.702 28.448 28.956 2 P 0
L 28.448 28.702 28.956 28.702 2 P 0
L 28.448 29.464 28.448 29.718 2 P 0
L 28.448 29.718 28.956 29.718 2 P 0
L 28.448 31.242 28.448 31.496 2 P 0
L 28.448 31.242 28.956 31.242 2 P 0
L 28.448 32.004 28.448 32.258 2 P 0
L 28.448 32.258 28.956 32.258 2 P 0
L 28.448 33.782 28.448 34.036 2 P 0
L 28.448 33.782 28.956 33.782 2 P 0
L 28.448 34.544 28.448 34.798 2 P 0
L 28.448 34.798 28.956 34.798 2 P 0
L 28.448 36.322 28.448 36.576 2 P 0
L 28.448 36.322 28.956 36.322 2 P 0
L 28.448 37.084 28.448 37.338 2 P 0
L 28.448 37.338 28.956 37.338 2 P 0
L 28.448 38.862 28.448 39.116 2 P 0
L 28.448 38.862 28.956 38.862 2 P 0
L 28.448 39.624 28.448 39.878 2 P 0
L 28.448 39.878 28.956 39.878 2 P 0
L 28.956 8.382 28.956 8.636 2 P 0
L 28.956 8.636 29.21 8.636 2 P 0
L 28.956 9.144 28.956 9.398 2 P 0
L 28.956 9.144 29.21 9.144 2 P 0
L 28.956 10.922 28.956 11.176 2 P 0
L 28.956 11.176 29.21 11.176 2 P 0
L 28.956 11.684 28.956 11.938 2 P 0
L 28.956 11.684 29.21 11.684 2 P 0
L 28.956 13.462 28.956 13.716 2 P 0
L 28.956 13.716 29.21 13.716 2 P 0
L 28.956 14.224 28.956 14.478 2 P 0
L 28.956 14.224 29.21 14.224 2 P 0
L 28.956 16.002 28.956 16.256 2 P 0
L 28.956 16.256 29.21 16.256 2 P 0
L 28.956 16.764 28.956 17.018 2 P 0
L 28.956 16.764 29.21 16.764 2 P 0
L 28.956 18.542 28.956 18.796 2 P 0
L 28.956 18.796 29.21 18.796 2 P 0
L 28.956 19.304 28.956 19.558 2 P 0
L 28.956 19.304 29.21 19.304 2 P 0
L 28.956 21.082 28.956 21.336 2 P 0
L 28.956 21.336 29.21 21.336 2 P 0
L 28.956 21.844 28.956 22.098 2 P 0
L 28.956 21.844 29.21 21.844 2 P 0
L 28.956 23.622 28.956 23.876 2 P 0
L 28.956 23.876 29.21 23.876 2 P 0
L 28.956 24.384 28.956 24.638 2 P 0
L 28.956 24.384 29.21 24.384 2 P 0
L 28.956 26.162 28.956 26.416 2 P 0
L 28.956 26.416 29.21 26.416 2 P 0
L 28.956 26.924 28.956 27.178 2 P 0
L 28.956 26.924 29.21 26.924 2 P 0
L 28.956 28.702 28.956 28.956 2 P 0
L 28.956 28.956 29.21 28.956 2 P 0
L 28.956 29.464 28.956 29.718 2 P 0
L 28.956 29.464 29.21 29.464 2 P 0
L 28.956 31.242 28.956 31.496 2 P 0
L 28.956 31.496 29.21 31.496 2 P 0
L 28.956 32.004 28.956 32.258 2 P 0
L 28.956 32.004 29.21 32.004 2 P 0
L 28.956 33.782 28.956 34.036 2 P 0
L 28.956 34.036 29.21 34.036 2 P 0
L 28.956 34.544 28.956 34.798 2 P 0
L 28.956 34.544 29.21 34.544 2 P 0
L 28.956 36.322 28.956 36.576 2 P 0
L 28.956 36.576 29.21 36.576 2 P 0
L 28.956 37.084 28.956 37.338 2 P 0
L 28.956 37.084 29.21 37.084 2 P 0
L 28.956 38.862 28.956 39.116 2 P 0
L 28.956 39.116 29.21 39.116 2 P 0
L 28.956 39.624 28.956 39.878 2 P 0
L 28.956 39.624 29.21 39.624 2 P 0
L 29.21 8.636 29.21 9.144 2 P 0
L 29.21 11.176 29.21 11.684 2 P 0
L 29.21 13.716 29.21 14.224 2 P 0
L 29.21 16.256 29.21 16.764 2 P 0
L 29.21 18.796 29.21 19.304 2 P 0
L 29.21 21.336 29.21 21.844 2 P 0
L 29.21 23.876 29.21 24.384 2 P 0
L 29.21 26.416 29.21 26.924 2 P 0
L 29.21 28.956 29.21 29.464 2 P 0
L 29.21 31.496 29.21 32.004 2 P 0
L 29.21 34.036 29.21 34.544 2 P 0
L 29.21 36.576 29.21 37.084 2 P 0
L 29.21 39.116 29.21 39.624 2 P 0
L 29.972 6.35 29.972 6.858 2 P 0
L 29.972 6.35 30.226 6.35 2 P 0
L 29.972 6.858 30.226 6.858 2 P 0
L 30.226 6.096 30.226 6.35 2 P 0
L 30.226 6.096 30.734 6.096 2 P 0
L 30.226 6.858 30.226 7.112 2 P 0
L 30.226 7.112 30.734 7.112 2 P 0
L 30.734 6.096 30.734 6.35 2 P 0
L 30.734 6.35 30.988 6.35 2 P 0
L 30.734 6.858 30.734 7.112 2 P 0
L 30.734 6.858 30.988 6.858 2 P 0
L 30.988 6.35 30.988 6.858 2 P 0
L 30.988 29.464 30.988 29.972 2 P 0
L 30.988 29.464 31.242 29.464 2 P 0
L 30.988 29.972 31.242 29.972 2 P 0
L 31.242 29.21 31.242 29.464 2 P 0
L 31.242 29.21 31.75 29.21 2 P 0
L 31.242 29.972 31.242 30.226 2 P 0
L 31.242 30.226 31.75 30.226 2 P 0
L 31.242 41.656 31.242 42.164 2 P 0
L 31.242 41.656 31.496 41.656 2 P 0
L 31.242 42.164 31.496 42.164 2 P 0
L 31.496 41.402 31.496 41.656 2 P 0
L 31.496 41.402 32.004 41.402 2 P 0
L 31.496 42.164 31.496 42.418 2 P 0
L 31.496 42.418 32.004 42.418 2 P 0
L 31.75 29.21 31.75 29.464 2 P 0
L 31.75 29.464 32.004 29.464 2 P 0
L 31.75 29.972 31.75 30.226 2 P 0
L 31.75 29.972 32.004 29.972 2 P 0
L 32.004 29.464 32.004 29.972 2 P 0
L 32.004 41.402 32.004 41.656 2 P 0
L 32.004 41.656 32.258 41.656 2 P 0
L 32.004 42.164 32.004 42.418 2 P 0
L 32.004 42.164 32.258 42.164 2 P 0
L 32.258 41.656 32.258 42.164 2 P 0
L 32.512 6.35 32.512 6.858 2 P 0
L 32.512 6.35 32.766 6.35 2 P 0
L 32.512 6.858 32.766 6.858 2 P 0
L 32.766 6.096 32.766 6.35 2 P 0
L 32.766 6.096 33.274 6.096 2 P 0
L 32.766 6.858 32.766 7.112 2 P 0
L 32.766 7.112 33.274 7.112 2 P 0
L 33.274 6.096 33.274 6.35 2 P 0
L 33.274 6.35 33.528 6.35 2 P 0
L 33.274 6.858 33.274 7.112 2 P 0
L 33.274 6.858 33.528 6.858 2 P 0
L 33.274 18.542 33.274 19.558 2 P 0
L 33.274 18.542 34.29 18.542 2 P 0
L 33.274 19.558 34.29 19.558 2 P 0
L 33.274 26.162 33.274 27.178 2 P 0
L 33.274 26.162 34.29 26.162 2 P 0
L 33.274 27.178 34.29 27.178 2 P 0
L 33.528 6.35 33.528 6.858 2 P 0
L 34.29 18.542 34.29 19.558 2 P 0
L 34.29 26.162 34.29 27.178 2 P 0
L 35.052 6.35 35.052 6.858 2 P 0
L 35.052 6.35 35.306 6.35 2 P 0
L 35.052 6.858 35.306 6.858 2 P 0
L 35.306 6.096 35.306 6.35 2 P 0
L 35.306 6.096 35.814 6.096 2 P 0
L 35.306 6.858 35.306 7.112 2 P 0
L 35.306 7.112 35.814 7.112 2 P 0
L 35.814 6.096 35.814 6.35 2 P 0
L 35.814 6.35 36.068 6.35 2 P 0
L 35.814 6.858 35.814 7.112 2 P 0
L 35.814 6.858 36.068 6.858 2 P 0
L 35.814 18.542 35.814 19.558 2 P 0
L 35.814 18.542 36.83 18.542 2 P 0
L 35.814 19.558 36.83 19.558 2 P 0
L 35.814 26.162 35.814 27.178 2 P 0
L 35.814 26.162 36.83 26.162 2 P 0
L 35.814 27.178 36.83 27.178 2 P 0
L 36.068 6.35 36.068 6.858 2 P 0
L 36.83 18.542 36.83 19.558 2 P 0
L 36.83 26.162 36.83 27.178 2 P 0
L 37.592 6.35 37.592 6.858 2 P 0
L 37.592 6.35 37.846 6.35 2 P 0
L 37.592 6.858 37.846 6.858 2 P 0
L 37.846 6.096 37.846 6.35 2 P 0
L 37.846 6.096 38.354 6.096 2 P 0
L 37.846 6.858 37.846 7.112 2 P 0
L 37.846 7.112 38.354 7.112 2 P 0
L 38.354 6.096 38.354 6.35 2 P 0
L 38.354 6.35 38.608 6.35 2 P 0
L 38.354 6.858 38.354 7.112 2 P 0
L 38.354 6.858 38.608 6.858 2 P 0
L 38.354 18.542 38.354 19.558 2 P 0
L 38.354 18.542 39.37 18.542 2 P 0
L 38.354 19.558 39.37 19.558 2 P 0
L 38.354 26.162 38.354 27.178 2 P 0
L 38.354 26.162 39.37 26.162 2 P 0
L 38.354 27.178 39.37 27.178 2 P 0
L 38.608 6.35 38.608 6.858 2 P 0
L 39.37 18.542 39.37 19.558 2 P 0
L 39.37 26.162 39.37 27.178 2 P 0
L 40.132 6.35 40.132 6.858 2 P 0
L 40.132 6.35 40.386 6.35 2 P 0
L 40.132 6.858 40.386 6.858 2 P 0
L 40.386 6.096 40.386 6.35 2 P 0
L 40.386 6.096 40.894 6.096 2 P 0
L 40.386 6.858 40.386 7.112 2 P 0
L 40.386 7.112 40.894 7.112 2 P 0
L 40.894 6.096 40.894 6.35 2 P 0
L 40.894 6.35 41.148 6.35 2 P 0
L 40.894 6.858 40.894 7.112 2 P 0
L 40.894 6.858 41.148 6.858 2 P 0
L 40.894 18.542 40.894 19.558 2 P 0
L 40.894 18.542 41.91 18.542 2 P 0
L 40.894 19.558 41.91 19.558 2 P 0
L 40.894 26.162 40.894 27.178 2 P 0
L 40.894 26.162 41.91 26.162 2 P 0
L 40.894 27.178 41.91 27.178 2 P 0
L 41.148 6.35 41.148 6.858 2 P 0
L 41.27799974 31.36600026 41.27799974 31.87400026 2 P 0
L 41.27799974 31.36600026 41.53199974 31.36600026 2 P 0
L 41.27799974 31.87400026 41.53199974 31.87400026 2 P 0
L 41.53199974 31.11200026 41.53199974 31.36600026 2 P 0
L 41.53199974 31.11200026 42.03999974 31.11200026 2 P 0
L 41.53199974 31.87400026 41.53199974 32.12800026 2 P 0
L 41.53199974 32.12800026 42.03999974 32.12800026 2 P 0
L 41.91 18.542 41.91 19.558 2 P 0
L 41.91 26.162 41.91 27.178 2 P 0
L 42.03999974 31.11200026 42.03999974 31.36600026 2 P 0
L 42.03999974 31.36600026 42.29399974 31.36600026 2 P 0
L 42.03999974 31.87400026 42.03999974 32.12800026 2 P 0
L 42.03999974 31.87400026 42.29399974 31.87400026 2 P 0
L 42.29399974 31.36600026 42.29399974 31.87400026 2 P 0
L 42.672 6.35 42.672 6.858 2 P 0
L 42.672 6.35 42.926 6.35 2 P 0
L 42.672 6.858 42.926 6.858 2 P 0
L 42.926 6.096 42.926 6.35 2 P 0
L 42.926 6.096 43.434 6.096 2 P 0
L 42.926 6.858 42.926 7.112 2 P 0
L 42.926 7.112 43.434 7.112 2 P 0
L 43.053 35.433 43.053 35.941 2 P 0
L 43.053 35.433 43.307 35.433 2 P 0
L 43.053 35.941 43.307 35.941 2 P 0
L 43.307 35.179 43.307 35.433 2 P 0
L 43.307 35.179 43.815 35.179 2 P 0
L 43.307 35.941 43.307 36.195 2 P 0
L 43.307 36.195 43.815 36.195 2 P 0
L 43.434 6.096 43.434 6.35 2 P 0
L 43.434 6.35 43.688 6.35 2 P 0
L 43.434 6.858 43.434 7.112 2 P 0
L 43.434 6.858 43.688 6.858 2 P 0
L 43.688 6.35 43.688 6.858 2 P 0
L 43.815 35.179 43.815 35.433 2 P 0
L 43.815 35.433 44.069 35.433 2 P 0
L 43.815 35.941 43.815 36.195 2 P 0
L 43.815 35.941 44.069 35.941 2 P 0
L 43.942 41.656 43.942 42.164 2 P 0
L 43.942 41.656 44.196 41.656 2 P 0
L 43.942 42.164 44.196 42.164 2 P 0
L 43.94499974 32.58600036 43.94499974 33.09400036 2 P 0
L 43.94499974 32.58600036 44.19899974 32.58600036 2 P 0
L 43.94499974 33.09400036 44.19899974 33.09400036 2 P 0
L 44.069 35.433 44.069 35.941 2 P 0
L 44.196 41.402 44.196 41.656 2 P 0
L 44.196 41.402 44.704 41.402 2 P 0
L 44.196 42.164 44.196 42.418 2 P 0
L 44.196 42.418 44.704 42.418 2 P 0
L 44.19899974 32.33200036 44.19899974 32.58600036 2 P 0
L 44.19899974 32.33200036 44.70699974 32.33200036 2 P 0
L 44.19899974 33.09400036 44.19899974 33.34800036 2 P 0
L 44.19899974 33.34800036 44.70699974 33.34800036 2 P 0
L 44.704 41.402 44.704 41.656 2 P 0
L 44.704 41.656 44.958 41.656 2 P 0
L 44.704 42.164 44.704 42.418 2 P 0
L 44.704 42.164 44.958 42.164 2 P 0
L 44.70699974 32.33200036 44.70699974 32.58600036 2 P 0
L 44.70699974 32.58600036 44.96099974 32.58600036 2 P 0
L 44.70699974 33.09400036 44.70699974 33.34800036 2 P 0
L 44.70699974 33.09400036 44.96099974 33.09400036 2 P 0
L 44.958 41.656 44.958 42.164 2 P 0
L 44.96099974 32.58600036 44.96099974 33.09400036 2 P 0
L 45.212 6.35 45.212 6.858 2 P 0
L 45.212 6.35 45.466 6.35 2 P 0
L 45.212 6.858 45.466 6.858 2 P 0
L 45.466 6.096 45.466 6.35 2 P 0
L 45.466 6.096 45.974 6.096 2 P 0
L 45.466 6.858 45.466 7.112 2 P 0
L 45.466 7.112 45.974 7.112 2 P 0
L 45.466 20.574 45.466 20.828 2 P 0
L 45.466 20.574 45.72 20.574 2 P 0
L 45.466 20.828 45.72 21.082 2 P 0
L 45.466 21.336 45.466 21.59 2 P 0
L 45.466 21.336 45.72 21.082 2 P 0
L 45.466 21.59 45.72 21.59 2 P 0
L 45.72 20.574 45.974 20.828 2 P 0
L 45.72 21.59 45.974 21.336 2 P 0
L 45.974 6.096 45.974 6.35 2 P 0
L 45.974 6.35 46.228 6.35 2 P 0
L 45.974 6.858 45.974 7.112 2 P 0
L 45.974 6.858 46.228 6.858 2 P 0
L 45.974 8.95800088 45.974 9.46600088 2 P 0
L 45.974 8.95800088 46.228 8.95800088 2 P 0
L 45.974 9.46600088 46.228 9.46600088 2 P 0
L 45.974 20.828 46.228 20.574 2 P 0
L 45.974 21.336 46.228 21.59 2 P 0
L 46.228 6.35 46.228 6.858 2 P 0
L 46.228 8.70400088 46.228 8.95800088 2 P 0
L 46.228 8.70400088 46.736 8.70400088 2 P 0
L 46.228 9.46600088 46.228 9.72000088 2 P 0
L 46.228 9.72000088 46.736 9.72000088 2 P 0
L 46.228 20.574 46.482 20.574 2 P 0
L 46.228 21.082 46.482 20.828 2 P 0
L 46.228 21.082 46.482 21.336 2 P 0
L 46.228 21.59 46.482 21.59 2 P 0
L 46.482 20.574 46.482 20.828 2 P 0
L 46.482 21.336 46.482 21.59 2 P 0
L 46.736 8.70400088 46.736 8.95800088 2 P 0
L 46.736 8.95800088 46.99 8.95800088 2 P 0
L 46.736 9.46600088 46.736 9.72000088 2 P 0
L 46.736 9.46600088 46.99 9.46600088 2 P 0
L 46.736 19.304 46.736 19.558 2 P 0
L 46.736 19.304 46.99 19.304 2 P 0
L 46.736 19.558 46.99 19.812 2 P 0
L 46.736 20.066 46.736 20.32 2 P 0
L 46.736 20.066 46.99 19.812 2 P 0
L 46.736 20.32 46.99 20.32 2 P 0
L 46.736 21.844 46.736 22.098 2 P 0
L 46.736 21.844 46.99 21.844 2 P 0
L 46.736 22.098 46.99 22.352 2 P 0
L 46.736 22.606 46.736 22.86 2 P 0
L 46.736 22.606 46.99 22.352 2 P 0
L 46.736 22.86 46.99 22.86 2 P 0
L 46.736 30.226 46.736 30.734 2 P 0
L 46.736 30.226 46.99 30.226 2 P 0
L 46.736 30.734 46.99 30.734 2 P 0
L 46.99 8.95800088 46.99 9.46600088 2 P 0
L 46.99 19.304 47.244 19.558 2 P 0
L 46.99 20.32 47.244 20.066 2 P 0
L 46.99 21.844 47.244 22.098 2 P 0
L 46.99 22.86 47.244 22.606 2 P 0
L 46.99 29.972 46.99 30.226 2 P 0
L 46.99 29.972 47.498 29.972 2 P 0
L 46.99 30.734 46.99 30.988 2 P 0
L 46.99 30.988 47.498 30.988 2 P 0
L 47.244 19.558 47.498 19.304 2 P 0
L 47.244 20.066 47.498 20.32 2 P 0
L 47.244 22.098 47.498 21.844 2 P 0
L 47.244 22.606 47.498 22.86 2 P 0
L 47.498 19.304 47.752 19.304 2 P 0
L 47.498 19.812 47.752 19.558 2 P 0
L 47.498 19.812 47.752 20.066 2 P 0
L 47.498 20.32 47.752 20.32 2 P 0
L 47.498 21.844 47.752 21.844 2 P 0
L 47.498 22.352 47.752 22.098 2 P 0
L 47.498 22.352 47.752 22.606 2 P 0
L 47.498 22.86 47.752 22.86 2 P 0
L 47.498 29.972 47.498 30.226 2 P 0
L 47.498 30.226 47.752 30.226 2 P 0
L 47.498 30.734 47.498 30.988 2 P 0
L 47.498 30.734 47.752 30.734 2 P 0
L 47.752 19.304 47.752 19.558 2 P 0
L 47.752 20.066 47.752 20.32 2 P 0
L 47.752 21.844 47.752 22.098 2 P 0
L 47.752 22.606 47.752 22.86 2 P 0
L 47.752 30.226 47.752 30.734 2 P 0
L 49.022 41.656 49.022 42.164 2 P 0
L 49.022 41.656 49.276 41.656 2 P 0
L 49.022 42.164 49.276 42.164 2 P 0
L 49.276 41.402 49.276 41.656 2 P 0
L 49.276 41.402 49.784 41.402 2 P 0
L 49.276 42.164 49.276 42.418 2 P 0
L 49.276 42.418 49.784 42.418 2 P 0
L 49.784 41.402 49.784 41.656 2 P 0
L 49.784 41.656 50.038 41.656 2 P 0
L 49.784 42.164 49.784 42.418 2 P 0
L 49.784 42.164 50.038 42.164 2 P 0
L 50.038 41.656 50.038 42.164 2 P 0
L 50.292 6.35 50.292 6.858 2 P 0
L 50.292 6.35 50.546 6.35 2 P 0
L 50.292 6.858 50.546 6.858 2 P 0
L 50.546 6.096 50.546 6.35 2 P 0
L 50.546 6.096 51.054 6.096 2 P 0
L 50.546 6.858 50.546 7.112 2 P 0
L 50.546 7.112 51.054 7.112 2 P 0
L 51.054 6.096 51.054 6.35 2 P 0
L 51.054 6.35 51.308 6.35 2 P 0
L 51.054 6.858 51.054 7.112 2 P 0
L 51.054 6.858 51.308 6.858 2 P 0
L 51.308 6.35 51.308 6.858 2 P 0
L 51.308 12.954 51.308 13.462 2 P 0
L 51.308 12.954 51.562 12.954 2 P 0
L 51.308 13.462 51.562 13.462 2 P 0
L 51.562 12.7 51.562 12.954 2 P 0
L 51.562 12.7 52.07 12.7 2 P 0
L 51.562 13.462 51.562 13.716 2 P 0
L 51.562 13.716 52.07 13.716 2 P 0
L 52.07 12.7 52.07 12.954 2 P 0
L 52.07 12.954 52.324 12.954 2 P 0
L 52.07 13.462 52.07 13.716 2 P 0
L 52.07 13.462 52.324 13.462 2 P 0
L 52.324 12.954 52.324 13.462 2 P 0
L 54.102 12.954 54.102 13.462 2 P 0
L 54.102 12.954 54.356 12.954 2 P 0
L 54.102 13.462 54.356 13.462 2 P 0
L 54.102 41.656 54.102 42.164 2 P 0
L 54.102 41.656 54.356 41.656 2 P 0
L 54.102 42.164 54.356 42.164 2 P 0
L 54.356 12.7 54.356 12.954 2 P 0
L 54.356 12.7 54.864 12.7 2 P 0
L 54.356 13.462 54.356 13.716 2 P 0
L 54.356 13.716 54.864 13.716 2 P 0
L 54.356 41.402 54.356 41.656 2 P 0
L 54.356 41.402 54.864 41.402 2 P 0
L 54.356 42.164 54.356 42.418 2 P 0
L 54.356 42.418 54.864 42.418 2 P 0
L 54.864 12.7 54.864 12.954 2 P 0
L 54.864 12.954 55.118 12.954 2 P 0
L 54.864 13.462 54.864 13.716 2 P 0
L 54.864 13.462 55.118 13.462 2 P 0
L 54.864 41.402 54.864 41.656 2 P 0
L 54.864 41.656 55.118 41.656 2 P 0
L 54.864 42.164 54.864 42.418 2 P 0
L 54.864 42.164 55.118 42.164 2 P 0
L 55.118 12.954 55.118 13.462 2 P 0
L 55.118 41.656 55.118 42.164 2 P 0
L 55.372 6.35 55.372 6.858 2 P 0
L 55.372 6.35 55.626 6.35 2 P 0
L 55.372 6.858 55.626 6.858 2 P 0
L 55.626 6.096 55.626 6.35 2 P 0
L 55.626 6.096 56.134 6.096 2 P 0
L 55.626 6.858 55.626 7.112 2 P 0
L 55.626 7.112 56.134 7.112 2 P 0
L 56.134 6.096 56.134 6.35 2 P 0
L 56.134 6.35 56.388 6.35 2 P 0
L 56.134 6.858 56.134 7.112 2 P 0
L 56.134 6.858 56.388 6.858 2 P 0
L 56.388 6.35 56.388 6.858 2 P 0
L 59.182 41.656 59.182 42.164 2 P 0
L 59.182 41.656 59.436 41.656 2 P 0
L 59.182 42.164 59.436 42.164 2 P 0
L 59.436 41.402 59.436 41.656 2 P 0
L 59.436 41.402 59.944 41.402 2 P 0
L 59.436 42.164 59.436 42.418 2 P 0
L 59.436 42.418 59.944 42.418 2 P 0
L 59.944 41.402 59.944 41.656 2 P 0
L 59.944 41.656 60.198 41.656 2 P 0
L 59.944 42.164 59.944 42.418 2 P 0
L 59.944 42.164 60.198 42.164 2 P 0
L 60.198 41.656 60.198 42.164 2 P 0
L 60.452 6.35 60.452 6.858 2 P 0
L 60.452 6.35 60.706 6.35 2 P 0
L 60.452 6.858 60.706 6.858 2 P 0
L 60.706 6.096 60.706 6.35 2 P 0
L 60.706 6.096 61.214 6.096 2 P 0
L 60.706 6.858 60.706 7.112 2 P 0
L 60.706 7.112 61.214 7.112 2 P 0
L 61.214 6.096 61.214 6.35 2 P 0
L 61.214 6.35 61.468 6.35 2 P 0
L 61.214 6.858 61.214 7.112 2 P 0
L 61.214 6.858 61.468 6.858 2 P 0
L 61.468 6.35 61.468 6.858 2 P 0
L 61.976 12.9040001 61.976 13.4120001 2 P 0
L 61.976 12.9040001 62.23 12.9040001 2 P 0
L 61.976 13.4120001 62.23 13.4120001 2 P 0
L 61.976 19.73799964 61.976 20.24599964 2 P 0
L 61.976 19.73799964 62.23 19.73799964 2 P 0
L 61.976 20.24599964 62.23 20.24599964 2 P 0
L 62.23 12.6500001 62.23 12.9040001 2 P 0
L 62.23 12.6500001 62.738 12.6500001 2 P 0
L 62.23 13.4120001 62.23 13.6660001 2 P 0
L 62.23 13.6660001 62.738 13.6660001 2 P 0
L 62.23 19.48399964 62.23 19.73799964 2 P 0
L 62.23 19.48399964 62.738 19.48399964 2 P 0
L 62.23 20.24599964 62.23 20.49999964 2 P 0
L 62.23 20.49999964 62.738 20.49999964 2 P 0
L 62.738 12.6500001 62.738 12.9040001 2 P 0
L 62.738 12.9040001 62.992 12.9040001 2 P 0
L 62.738 13.4120001 62.738 13.6660001 2 P 0
L 62.738 13.4120001 62.992 13.4120001 2 P 0
L 62.738 19.48399964 62.738 19.73799964 2 P 0
L 62.738 19.73799964 62.992 19.73799964 2 P 0
L 62.738 20.24599964 62.738 20.49999964 2 P 0
L 62.738 20.24599964 62.992 20.24599964 2 P 0
L 62.992 12.9040001 62.992 13.4120001 2 P 0
L 62.992 19.73799964 62.992 20.24599964 2 P 0
L 64.262 13.716 64.262 14.224 2 P 0
L 64.262 13.716 64.516 13.716 2 P 0
L 64.262 14.224 64.516 14.224 2 P 0
L 64.262 18.796 64.262 19.304 2 P 0
L 64.262 18.796 64.516 18.796 2 P 0
L 64.262 19.304 64.516 19.304 2 P 0
L 64.262 23.876 64.262 24.384 2 P 0
L 64.262 23.876 64.516 23.876 2 P 0
L 64.262 24.384 64.516 24.384 2 P 0
L 64.262 28.956 64.262 29.464 2 P 0
L 64.262 28.956 64.516 28.956 2 P 0
L 64.262 29.464 64.516 29.464 2 P 0
L 64.262 34.036 64.262 34.544 2 P 0
L 64.262 34.036 64.516 34.036 2 P 0
L 64.262 34.544 64.516 34.544 2 P 0
L 64.262 38.862 64.262 39.37 2 P 0
L 64.262 38.862 64.516 38.862 2 P 0
L 64.262 39.37 64.516 39.37 2 P 0
L 64.26354432 8.68068622 64.26354432 9.18868622 2 P 0
L 64.26354432 8.68068622 64.51754432 8.68068622 2 P 0
L 64.26354432 9.18868622 64.51754432 9.18868622 2 P 0
L 64.516 13.462 64.516 13.716 2 P 0
L 64.516 13.462 65.024 13.462 2 P 0
L 64.516 14.224 64.516 14.478 2 P 0
L 64.516 14.478 65.024 14.478 2 P 0
L 64.516 18.542 64.516 18.796 2 P 0
L 64.516 18.542 65.024 18.542 2 P 0
L 64.516 19.304 64.516 19.558 2 P 0
L 64.516 19.558 65.024 19.558 2 P 0
L 64.516 23.622 64.516 23.876 2 P 0
L 64.516 23.622 65.024 23.622 2 P 0
L 64.516 24.384 64.516 24.638 2 P 0
L 64.516 24.638 65.024 24.638 2 P 0
L 64.516 28.702 64.516 28.956 2 P 0
L 64.516 28.702 65.024 28.702 2 P 0
L 64.516 29.464 64.516 29.718 2 P 0
L 64.516 29.718 65.024 29.718 2 P 0
L 64.516 33.782 64.516 34.036 2 P 0
L 64.516 33.782 65.024 33.782 2 P 0
L 64.516 34.544 64.516 34.798 2 P 0
L 64.516 34.798 65.024 34.798 2 P 0
L 64.516 38.608 64.516 38.862 2 P 0
L 64.516 38.608 65.024 38.608 2 P 0
L 64.516 39.37 64.516 39.624 2 P 0
L 64.516 39.624 65.024 39.624 2 P 0
L 64.51754432 8.42668622 64.51754432 8.68068622 2 P 0
L 64.51754432 8.42668622 65.02554432 8.42668622 2 P 0
L 64.51754432 9.18868622 64.51754432 9.44268622 2 P 0
L 64.51754432 9.44268622 65.02554432 9.44268622 2 P 0
L 65.024 13.462 65.024 13.716 2 P 0
L 65.024 13.716 65.278 13.716 2 P 0
L 65.024 14.224 65.024 14.478 2 P 0
L 65.024 14.224 65.278 14.224 2 P 0
L 65.024 18.542 65.024 18.796 2 P 0
L 65.024 18.796 65.278 18.796 2 P 0
L 65.024 19.304 65.024 19.558 2 P 0
L 65.024 19.304 65.278 19.304 2 P 0
L 65.024 23.622 65.024 23.876 2 P 0
L 65.024 23.876 65.278 23.876 2 P 0
L 65.024 24.384 65.024 24.638 2 P 0
L 65.024 24.384 65.278 24.384 2 P 0
L 65.024 28.702 65.024 28.956 2 P 0
L 65.024 28.956 65.278 28.956 2 P 0
L 65.024 29.464 65.024 29.718 2 P 0
L 65.024 29.464 65.278 29.464 2 P 0
L 65.024 33.782 65.024 34.036 2 P 0
L 65.024 34.036 65.278 34.036 2 P 0
L 65.024 34.544 65.024 34.798 2 P 0
L 65.024 34.544 65.278 34.544 2 P 0
L 65.024 38.608 65.024 38.862 2 P 0
L 65.024 38.862 65.278 38.862 2 P 0
L 65.024 39.37 65.024 39.624 2 P 0
L 65.024 39.37 65.278 39.37 2 P 0
L 65.02554432 8.42668622 65.02554432 8.68068622 2 P 0
L 65.02554432 8.68068622 65.27954432 8.68068622 2 P 0
L 65.02554432 9.18868622 65.02554432 9.44268622 2 P 0
L 65.02554432 9.18868622 65.27954432 9.18868622 2 P 0
L 65.278 13.716 65.278 14.224 2 P 0
L 65.278 18.796 65.278 19.304 2 P 0
L 65.278 23.876 65.278 24.384 2 P 0
L 65.278 28.956 65.278 29.464 2 P 0
L 65.278 34.036 65.278 34.544 2 P 0
L 65.278 38.862 65.278 39.37 2 P 0
L 65.27954432 8.68068622 65.27954432 9.18868622 2 P 0
L 69.342 19.70600072 69.596 19.70600072 2 P 0
L 69.342 19.70600072 69.596 19.96000072 2 P 0
L 69.342 20.21400072 69.596 19.96000072 2 P 0
L 69.342 20.21400072 69.596 20.21400072 2 P 0
L 69.342 24.78600072 69.596 24.78600072 2 P 0
L 69.342 24.78600072 69.596 25.04000072 2 P 0
L 69.342 25.29400072 69.596 25.04000072 2 P 0
L 69.342 25.29400072 69.596 25.29400072 2 P 0
L 69.4919997 4.49200016 69.4919997 5.50800016 2 P 0
L 69.4919997 4.49200016 70.5079997 4.49200016 2 P 0
L 69.4919997 5.50800016 70.5079997 5.50800016 2 P 0
L 69.4919997 39.49199874 69.4919997 40.50799874 2 P 0
L 69.4919997 39.49199874 70.5079997 39.49199874 2 P 0
L 69.4919997 40.50799874 70.5079997 40.50799874 2 P 0
L 69.596 19.70600072 69.85 19.45200072 2 P 0
L 69.596 20.21400072 69.85 20.46800072 2 P 0
L 69.596 24.78600072 69.85 24.53200072 2 P 0
L 69.596 25.29400072 69.85 25.54800072 2 P 0
L 69.6951997 4.69520016 69.6951997 5.30480016 2 P 0
L 69.6951997 4.69520016 70.3047997 4.69520016 2 P 0
L 69.6951997 5.30480016 70.3047997 5.30480016 2 P 0
L 69.6951997 39.69519874 69.6951997 40.30479874 2 P 0
L 69.6951997 39.69519874 70.3047997 39.69519874 2 P 0
L 69.6951997 40.30479874 70.3047997 40.30479874 2 P 0
L 69.85 19.45200072 70.104 19.70600072 2 P 0
L 69.85 20.46800072 70.104 20.21400072 2 P 0
L 69.85 24.53200072 70.104 24.78600072 2 P 0
L 69.85 25.54800072 70.104 25.29400072 2 P 0
L 70.104 19.70600072 70.358 19.70600072 2 P 0
L 70.104 19.96000072 70.358 19.70600072 2 P 0
L 70.104 19.96000072 70.358 20.21400072 2 P 0
L 70.104 20.21400072 70.358 20.21400072 2 P 0
L 70.104 24.78600072 70.358 24.78600072 2 P 0
L 70.104 25.04000072 70.358 24.78600072 2 P 0
L 70.104 25.04000072 70.358 25.29400072 2 P 0
L 70.104 25.29400072 70.358 25.29400072 2 P 0
L 70.3047997 4.69520016 70.3047997 5.30480016 2 P 0
L 70.3047997 39.69519874 70.3047997 40.30479874 2 P 0
L 70.5079997 4.49200016 70.5079997 5.50800016 2 P 0
L 70.5079997 39.49199874 70.5079997 40.50799874 2 P 0
