UNITS=MM
#Layer_Color=32768
#
#Feature symbol names
#
$0 r199.9996
$1 r152.4
$2 r49.9999
$3 r99.9998

#
#Feature attribute names
#

#
#Layer features
#
L 14.89499942 13.88599966 14.89499942 16.08600034 2 P 0
L 14.89499942 13.88599966 19.39500058 13.88599966 2 P 0
L 14.89499942 16.08600034 19.39500058 16.08600034 2 P 0
L 15.28299966 16.764 15.28299966 22.352 2 P 0
L 15.28299966 16.764 17.48300034 16.764 2 P 0
L 15.28299966 22.352 17.48300034 22.352 2 P 0
L 15.28299966 23.114 15.28299966 28.702 2 P 0
L 15.28299966 23.114 17.48300034 23.114 2 P 0
L 15.28299966 28.702 17.48300034 28.702 2 P 0
L 15.88299846 19.558 16.882999 19.558 3 P 0
L 15.88299846 25.908 16.882999 25.908 3 P 0
L 16.383 19.058001 16.383 20.057999 3 P 0
L 16.383 25.408001 16.383 26.407999 3 P 0
L 16.645001 14.986 17.644999 14.986 3 P 0
L 16.91900096 3.20300096 16.91900096 7.97299904 0 P 0
L 16.91900096 3.20300096 26.76899904 3.20300096 0 P 0
L 16.91900096 7.97299904 26.76899904 7.97299904 0 P 0
L 17.145 14.48599846 17.145 15.485999 3 P 0
L 17.48300034 16.764 17.48300034 22.352 2 P 0
L 17.48300034 23.114 17.48300034 28.702 2 P 0
L 18.08100016 10.08400066 18.08100016 13.28399934 2 P 0
L 18.08100016 10.08400066 20.78100238 10.08400066 2 P 0
L 18.08100016 13.28399934 20.78100238 13.28399934 2 P 0
L 18.33099966 17.30799942 18.33099966 21.80800058 2 P 0
L 18.33099966 17.30799942 20.53100034 17.30799942 2 P 0
L 18.33099966 21.80800058 20.53100034 21.80800058 2 P 0
L 18.33099966 23.65799942 18.33099966 28.15800058 2 P 0
L 18.33099966 23.65799942 20.53100034 23.65799942 2 P 0
L 18.33099966 28.15800058 20.53100034 28.15800058 2 P 0
L 18.93099846 19.558 19.930999 19.558 3 P 0
L 18.93099846 25.908 19.930999 25.908 3 P 0
L 18.931001 11.684 19.93100154 11.684 3 P 0
L 19.39500058 13.88599966 19.39500058 16.08600034 2 P 0
L 19.431 11.184001 19.431 12.18400154 3 P 0
L 19.431 19.058001 19.431 20.057999 3 P 0
L 19.431 25.408001 19.431 26.407999 3 P 0
L 20.22899942 13.88599966 20.22899942 16.08600034 2 P 0
L 20.22899942 13.88599966 24.72900058 13.88599966 2 P 0
L 20.22899942 16.08600034 24.72900058 16.08600034 2 P 0
L 20.53100034 17.30799942 20.53100034 21.80800058 2 P 0
L 20.53100034 23.65799942 20.53100034 28.15800058 2 P 0
L 20.78100238 10.08400066 20.78100238 13.28399934 2 P 0
L 21.30300032 16.7490013 21.30300032 21.13900014 0 P 0
L 21.30300032 16.7490013 26.70299968 16.7490013 0 P 0
L 21.30300032 21.13900014 26.70299968 21.13900014 0 P 0
L 21.55700032 24.6230013 21.55700032 29.01300014 0 P 0
L 21.55700032 24.6230013 26.95699968 24.6230013 0 P 0
L 21.55700032 29.01300014 26.95699968 29.01300014 0 P 0
L 21.75299942 21.75999966 21.75299942 23.96000034 2 P 0
L 21.75299942 21.75999966 26.25300058 21.75999966 2 P 0
L 21.75299942 23.96000034 26.25300058 23.96000034 2 P 0
L 21.979001 14.986 22.978999 14.986 3 P 0
L 22.479 14.48599846 22.479 15.485999 3 P 0
L 23.503001 22.86 24.502999 22.86 3 P 0
L 24.003 22.35999846 24.003 23.359999 3 P 0
L 24.72900058 13.88599966 24.72900058 16.08600034 2 P 0
L 26.25300058 21.75999966 26.25300058 23.96000034 2 P 0
L 26.70299968 16.7490013 26.70299968 21.13900014 0 P 0
L 26.76899904 3.20300096 26.76899904 7.97299904 0 P 0
L 26.95699968 24.6230013 26.95699968 29.01300014 0 P 0
L 29.84106554 35.17439244 31.7251207 36.49361764 2 P 0
L 29.84106554 35.17439244 32.5368793 31.32438236 2 P 0
L 30.8037738 37.211 37.592 30.4227738 0 P 0
L 30.8037738 37.211 37.592 43.9992262 0 P 0
L 31.721425 33.6222086 32.540575 34.19578886 3 P 0
L 31.7251207 36.49361764 34.42093446 32.64360756 2 P 0
L 31.8442086 34.318575 32.41778886 33.499425 3 P 0
L 32.258 18.796 32.258 26.924 1 P 0
L 32.258 18.796 32.766 18.796 1 P 0
L 32.258 26.924 32.766 26.924 1 P 0
L 32.5368793 31.32438236 34.42093446 32.64360756 2 P 0
L 32.54799942 28.61799966 32.54799942 30.81800034 2 P 0
L 32.54799942 28.61799966 37.04800058 28.61799966 2 P 0
L 32.54799942 30.81800034 37.04800058 30.81800034 2 P 0
L 32.766 18.0467 32.766 18.796 1 P 0
L 32.766 18.0467 42.418 18.0467 1 P 0
L 32.766 26.924 32.766 27.6733 1 P 0
L 32.766 27.6733 42.418 27.6733 1 P 0
L 34.298001 29.718 35.297999 29.718 3 P 0
L 34.798 29.218001 34.798 30.21800154 3 P 0
L 35.22199966 12.73599942 35.22199966 17.23600058 2 P 0
L 35.22199966 12.73599942 37.42200034 12.73599942 2 P 0
L 35.22199966 17.23600058 37.42200034 17.23600058 2 P 0
L 35.82199846 14.986 36.821999 14.986 3 P 0
L 36.322 14.486001 36.322 15.485999 3 P 0
L 37.04800058 28.61799966 37.04800058 30.81800034 2 P 0
L 37.42200034 12.73599942 37.42200034 17.23600058 2 P 0
L 37.592 30.4227738 44.3802262 37.211 0 P 0
L 37.592 43.9992262 44.3802262 37.211 0 P 0
L 38.12800096 10.44200096 38.12800096 16.48199904 0 P 0
L 38.12800096 10.44200096 44.16799904 10.44200096 0 P 0
L 38.12800096 16.48199904 44.16799904 16.48199904 0 P 0
L 38.13599942 28.61799966 38.13599942 30.81800034 2 P 0
L 38.13599942 28.61799966 42.63600058 28.61799966 2 P 0
L 38.13599942 30.81800034 42.63600058 30.81800034 2 P 0
L 39.886001 29.718 40.885999 29.718 3 P 0
L 40.386 29.21799846 40.386 30.217999 3 P 0
L 42.418 18.0467 42.418 18.796 1 P 0
L 42.418 18.796 42.926 18.796 1 P 0
L 42.418 26.924 42.418 27.6733 1 P 0
L 42.418 26.924 42.926 26.924 1 P 0
L 42.63600058 28.61799966 42.63600058 30.81800034 2 P 0
L 42.926 18.796 42.926 26.924 1 P 0
L 44.10499942 37.88899966 44.10499942 40.08900034 2 P 0
L 44.10499942 37.88899966 48.60500058 37.88899966 2 P 0
L 44.10499942 40.08900034 48.60500058 40.08900034 2 P 0
L 44.16799904 10.44200096 44.16799904 16.48199904 0 P 0
L 44.22400096 18.06200096 44.22400096 24.10199904 0 P 0
L 44.22400096 18.06200096 50.26399904 18.06200096 0 P 0
L 44.22400096 24.10199904 50.26399904 24.10199904 0 P 0
L 44.55500106 31.93999962 44.55500106 36.64000038 2 P 0
L 44.55500106 31.93999962 48.15499894 31.93999962 2 P 0
L 44.55500106 36.64000038 48.15499894 36.64000038 2 P 0
L 45.36700096 10.3140002 45.36700096 15.5939998 0 P 0
L 45.36700096 10.3140002 47.59699904 10.3140002 0 P 0
L 45.36700096 15.5939998 47.59699904 15.5939998 0 P 0
L 45.855001 34.29 46.854999 34.29 3 P 0
L 45.855001 38.989 46.854999 38.989 3 P 0
L 46.14399966 24.92799942 46.14399966 29.42800058 2 P 0
L 46.14399966 24.92799942 48.34400034 24.92799942 2 P 0
L 46.14399966 29.42800058 48.34400034 29.42800058 2 P 0
L 46.355 33.790001 46.355 34.789999 3 P 0
L 46.355 38.489001 46.355 39.48900154 3 P 0
L 46.74399846 27.178 47.743999 27.178 3 P 0
L 47.244 26.678001 47.244 27.677999 3 P 0
L 47.59699904 10.3140002 47.59699904 15.5939998 0 P 0
L 48.15499894 31.93999962 48.15499894 36.64000038 2 P 0
L 48.34400034 24.92799942 48.34400034 29.42800058 2 P 0
L 48.60500058 37.88899966 48.60500058 40.08900034 2 P 0
L 50.26399904 18.06200096 50.26399904 24.10199904 0 P 0
L 50.71599966 14.25999942 50.71599966 18.76000058 2 P 0
L 50.71599966 14.25999942 52.91600034 14.25999942 2 P 0
L 50.71599966 18.76000058 52.91600034 18.76000058 2 P 0
L 51.316001 16.51 52.31600154 16.51 3 P 0
L 51.816 16.010001 51.816 17.009999 3 P 0
L 52.91600034 14.25999942 52.91600034 18.76000058 2 P 0
L 53.50999966 14.25999942 53.50999966 18.76000058 2 P 0
L 53.50999966 14.25999942 55.71000034 14.25999942 2 P 0
L 53.50999966 18.76000058 55.71000034 18.76000058 2 P 0
L 54.110001 16.51 55.11000154 16.51 3 P 0
L 54.61 16.010001 54.61 17.009999 3 P 0
L 55.71000034 14.25999942 55.71000034 18.76000058 2 P 0
L 56.16999942 18.96599966 56.16999942 21.16600034 2 P 0
L 56.16999942 18.96599966 60.67000058 18.96599966 2 P 0
L 56.16999942 21.16600034 60.67000058 21.16600034 2 P 0
L 57.920001 20.066 58.919999 20.066 3 P 0
L 58.42 19.56599846 58.42 20.565999 3 P 0
L 60.67000058 18.96599966 60.67000058 21.16600034 2 P 0
L 61.33399976 14.15999962 61.33399976 18.86000038 2 P 0
L 61.33399976 14.15999962 63.63400024 14.15999962 2 P 0
L 61.33399976 18.86000038 63.63400024 18.86000038 2 P 0
L 61.98399846 16.51 62.983999 16.51 3 P 0
L 62.484 16.010001 62.484 17.01000154 3 P 0
L 63.63400024 14.15999962 63.63400024 18.86000038 2 P 0
L 65.700021 27.67991924 74.00006028 27.67991924 2 P 0
L 65.70006164 16.75011636 65.70006164 27.67991924 2 P 0
L 65.70006164 16.75011636 74.00006028 16.75011636 2 P 0
L 69.350001 22.50000072 70.349999 22.50000072 3 P 0
L 69.85 22.00000172 69.85 22.99999972 3 P 0
L 74.00006028 16.75011636 74.00006028 27.67991924 2 P 0
S P 0
OB 42.418 26.924 I
OS 42.926 26.924
OS 42.926 18.796
OS 42.418 18.796
OS 42.418 18.0467
OS 32.766 18.0467
OS 32.766 18.796
OS 32.258 18.796
OS 32.258 26.924
OS 32.766 26.924
OS 32.766 27.6733
OS 42.418 27.6733
OS 42.418 26.924
OE
SE
