UNITS=MM
#Layer_Color=16711935
#
#Feature symbol names
#
$0 r149.9997
$1 r199.9996
$2 r25.4
$3 r99.9998
$4 r76.2

#
#Feature attribute names
#
@0 .nomenclature
@1 .string
@2 .string_angle

#
#Feature attribute text strings
#
&0 \*

#
#Layer features
#
A 42.29200076 37.211 42.29200076 37.211 37.592 37.211 0 P 0 N
A 44.06799924 13.462 44.06799924 13.462 41.148 13.462 0 P 0 N
A 50.16399924 21.082 50.16399924 21.082 47.244 21.082 0 P 0 N
L 15.51999944 14.16100038 15.51999944 15.81099962 3 P 0
L 15.51999944 14.16100038 18.77000056 14.16100038 3 P 0
L 15.51999944 15.81099962 18.77000056 15.81099962 3 P 0
L 15.55800038 17.93299944 15.55800038 21.18300056 3 P 0
L 15.55800038 17.93299944 17.20799962 17.93299944 3 P 0
L 15.55800038 21.18300056 17.20799962 21.18300056 3 P 0
L 15.55800038 24.28299944 15.55800038 27.53300056 3 P 0
L 15.55800038 24.28299944 17.20799962 24.28299944 3 P 0
L 15.55800038 27.53300056 17.20799962 27.53300056 3 P 0
L 17.01900076 3.30300076 17.01900076 7.87299924 1 P 0
L 17.01900076 3.30300076 26.66899924 3.30300076 1 P 0
L 17.01900076 7.87299924 26.66899924 7.87299924 1 P 0
L 17.20799962 17.93299944 17.20799962 21.18300056 3 P 0
L 17.20799962 24.28299944 17.20799962 27.53300056 3 P 0
L 18.3310022 11.00900008 18.3310022 12.35899992 3 P 0
L 18.3310022 11.00900008 20.53100034 11.00900008 3 P 0
L 18.3310022 12.35899992 20.53100034 12.35899992 3 P 0
L 18.60600038 17.93299944 18.60600038 21.18300056 3 P 0
L 18.60600038 17.93299944 20.25599962 17.93299944 3 P 0
L 18.60600038 21.18300056 20.25599962 21.18300056 3 P 0
L 18.60600038 24.28299944 18.60600038 27.53300056 3 P 0
L 18.60600038 24.28299944 20.25599962 24.28299944 3 P 0
L 18.60600038 27.53300056 20.25599962 27.53300056 3 P 0
L 18.77000056 14.16100038 18.77000056 15.81099962 3 P 0
L 20.25599962 17.93299944 20.25599962 21.18300056 3 P 0
L 20.25599962 24.28299944 20.25599962 27.53300056 3 P 0
L 20.53100034 11.00900008 20.53100034 12.35899992 3 P 0
L 20.85399944 14.16100038 20.85399944 15.81099962 3 P 0
L 20.85399944 14.16100038 24.10400056 14.16100038 3 P 0
L 20.85399944 15.81099962 24.10400056 15.81099962 3 P 0
L 21.40300012 16.8490011 21.40300012 21.03900034 1 P 0
L 21.40300012 16.8490011 26.60299988 16.8490011 1 P 0
L 21.40300012 21.03900034 26.60299988 21.03900034 1 P 0
L 21.65700012 24.7230011 21.65700012 28.91300034 1 P 0
L 21.65700012 24.7230011 26.85699988 24.7230011 1 P 0
L 21.65700012 28.91300034 26.85699988 28.91300034 1 P 0
L 22.37799944 22.03500038 22.37799944 23.68499962 3 P 0
L 22.37799944 22.03500038 25.62800056 22.03500038 3 P 0
L 22.37799944 23.68499962 25.62800056 23.68499962 3 P 0
L 24.10400056 14.16100038 24.10400056 15.81099962 3 P 0
L 25.62800056 22.03500038 25.62800056 23.68499962 3 P 0
L 26.60299988 16.8490011 26.60299988 21.03900034 1 P 0
L 26.66899924 3.30300076 26.66899924 7.87299924 1 P 0
L 26.85699988 24.7230011 26.85699988 28.91300034 1 P 0
L 30.41869202 34.7853381 31.89315694 35.81777444 3 P 0
L 30.41869202 34.7853381 32.36884052 32.00021794 3 P 0
L 31.89315694 35.81777444 33.84331814 33.03266444 3 P 0
L 32.36884052 32.00021794 33.84331814 33.03266444 3 P 0
L 32.512 19.05 32.512 26.67 2 P 0
L 32.512 19.05 42.672 19.05 2 P 0
L 32.512 26.67 42.672 26.67 2 P 0
L 33.17299944 28.89300038 33.17299944 30.54299962 3 P 0
L 33.17299944 28.89300038 36.42300056 28.89300038 3 P 0
L 33.17299944 30.54299962 36.42300056 30.54299962 3 P 0
L 33.2867 18.5547 33.2867 19.05 2 P 0
L 33.2867 18.5547 34.2773 18.5547 2 P 0
L 33.2867 19.05 34.2773 19.05 2 P 0
L 33.2867 26.67 33.2867 27.1653 2 P 0
L 33.2867 26.67 34.2773 26.67 2 P 0
L 33.2867 27.1653 34.2773 27.1653 2 P 0
L 34.2773 18.5547 34.2773 19.05 2 P 0
L 34.2773 26.67 34.2773 27.1653 2 P 0
L 35.49700038 13.36099944 35.49700038 16.61100056 3 P 0
L 35.49700038 13.36099944 37.14699962 13.36099944 3 P 0
L 35.49700038 16.61100056 37.14699962 16.61100056 3 P 0
L 35.8267 18.5547 35.8267 19.05 2 P 0
L 35.8267 18.5547 36.8173 18.5547 2 P 0
L 35.8267 19.05 36.8173 19.05 2 P 0
L 35.8267 26.67 35.8267 27.1653 2 P 0
L 35.8267 26.67 36.8173 26.67 2 P 0
L 35.8267 27.1653 36.8173 27.1653 2 P 0
L 36.42300056 28.89300038 36.42300056 30.54299962 3 P 0
L 36.8173 18.5547 36.8173 19.05 2 P 0
L 36.8173 26.67 36.8173 27.1653 2 P 0
L 37.14699962 13.36099944 37.14699962 16.61100056 3 P 0
L 38.3667 18.5547 38.3667 19.05 2 P 0
L 38.3667 18.5547 39.3573 18.5547 2 P 0
L 38.3667 19.05 39.3573 19.05 2 P 0
L 38.3667 26.67 38.3667 27.1653 2 P 0
L 38.3667 26.67 39.3573 26.67 2 P 0
L 38.3667 27.1653 39.3573 27.1653 2 P 0
L 38.76099944 28.89300038 38.76099944 30.54299962 3 P 0
L 38.76099944 28.89300038 42.01100056 28.89300038 3 P 0
L 38.76099944 30.54299962 42.01100056 30.54299962 3 P 0
L 39.3573 18.5547 39.3573 19.05 2 P 0
L 39.3573 26.67 39.3573 27.1653 2 P 0
L 40.9067 18.5547 40.9067 19.05 2 P 0
L 40.9067 18.5547 41.8973 18.5547 2 P 0
L 40.9067 19.05 41.8973 19.05 2 P 0
L 40.9067 26.67 40.9067 27.1653 2 P 0
L 40.9067 26.67 41.8973 26.67 2 P 0
L 40.9067 27.1653 41.8973 27.1653 2 P 0
L 40.97859724 26.31030298 41.82499128 26.31030298 4 P 0 ;0,1=0,2=270.000000
L 40.97859724 26.7335 41.82499128 25.88710596 4 P 0 ;0,1=0,2=270.000000
L 41.40179426 26.7335 41.40179426 25.88710596 4 P 0 ;0,1=0,2=270.000000
L 41.82499128 26.7335 40.97859724 25.88710596 4 P 0 ;0,1=0,2=270.000000
L 41.8973 18.5547 41.8973 19.05 2 P 0
L 41.8973 26.67 41.8973 27.1653 2 P 0
L 42.01100056 28.89300038 42.01100056 30.54299962 3 P 0
L 42.672 19.05 42.672 26.67 2 P 0
L 44.72999944 38.16400038 44.72999944 39.81399962 3 P 0
L 44.72999944 38.16400038 47.98000056 38.16400038 3 P 0
L 44.72999944 39.81399962 47.98000056 39.81399962 3 P 0
L 44.75500066 32.54000096 44.75500066 36.03999904 3 P 0
L 44.75500066 32.54000096 47.95499934 32.54000096 3 P 0
L 44.75500066 36.03999904 47.95499934 36.03999904 3 P 0
L 45.63199916 11.0989999 45.63199916 14.8090001 1 P 0
L 45.63199916 11.0989999 47.33200084 11.0989999 1 P 0
L 45.63199916 14.8090001 47.33200084 14.8090001 1 P 0
L 46.41900038 25.55299944 46.41900038 28.80300056 3 P 0
L 46.41900038 25.55299944 48.06899962 25.55299944 3 P 0
L 46.41900038 28.80300056 48.06899962 28.80300056 3 P 0
L 47.33200084 11.0989999 47.33200084 14.8090001 1 P 0
L 47.95499934 32.54000096 47.95499934 36.03999904 3 P 0
L 47.98000056 38.16400038 47.98000056 39.81399962 3 P 0
L 48.06899962 25.55299944 48.06899962 28.80300056 3 P 0
L 50.99100038 14.88499944 50.99100038 18.13500056 3 P 0
L 50.99100038 14.88499944 52.64099962 14.88499944 3 P 0
L 50.99100038 18.13500056 52.64099962 18.13500056 3 P 0
L 52.64099962 14.88499944 52.64099962 18.13500056 3 P 0
L 53.78500038 14.88499944 53.78500038 18.13500056 3 P 0
L 53.78500038 14.88499944 55.43499962 14.88499944 3 P 0
L 53.78500038 18.13500056 55.43499962 18.13500056 3 P 0
L 55.43499962 14.88499944 55.43499962 18.13500056 3 P 0
L 56.79499944 19.24100038 56.79499944 20.89099962 3 P 0
L 56.79499944 19.24100038 60.04500056 19.24100038 3 P 0
L 56.79499944 20.89099962 60.04500056 20.89099962 3 P 0
L 60.04500056 19.24100038 60.04500056 20.89099962 3 P 0
L 61.58399926 14.81000086 61.58399926 18.20999914 3 P 0
L 61.58399926 14.81000086 63.3839982 14.81000086 3 P 0
L 61.58399926 18.20999914 63.3839982 18.20999914 3 P 0
L 63.3839982 14.81000086 63.3839982 18.20999914 3 P 0
L 65.80014272 17.41991944 65.80014272 27.57991944 3 P 0
L 65.80014272 17.41991944 73.90010112 17.41991944 3 P 0
L 65.80014272 27.57991944 73.90010112 27.57991944 3 P 0
L 72.6129993 17.11300108 72.76315648 17.2912532 3 P 0
L 72.61319488 16.8499028 72.61319488 17.1128436 3 P 0
L 72.61319488 16.85006536 72.61327616 16.84998408 3 P 0
L 72.61327616 16.84998408 73.32699584 16.84998408 3 P 0
L 72.76315648 17.2912532 72.76315648 17.41991944 3 P 0
L 73.17711552 17.2912532 73.17711552 17.41991944 3 P 0
L 73.17711552 17.2912532 73.32700092 17.11300108 3 P 0
L 73.32699584 16.84998408 73.32699584 17.11276232 3 P 0
L 73.90010112 17.41991944 73.90010112 27.57991944 3 P 0
