UNITS=MM
#Layer_Color=9474304
#
#Feature symbol names
#
$0 r127

#
#Feature attribute names
#

#
#Layer features
#
L 2.56400046 5.00000016 2.86399986 5.00000016 0 P 0
L 2.56400046 39.99999874 2.86399986 39.99999874 0 P 0
L 2.71400016 4.85000046 2.71400016 5.14999986 0 P 0
L 2.71400016 39.84999904 2.71400016 40.14999844 0 P 0
L 3.26244966 3.36357976 3.56244906 3.36357976 0 P 0
L 3.26244966 6.63642056 3.56244906 6.63642056 0 P 0
L 3.26244966 38.36357834 3.56244906 38.36357834 0 P 0
L 3.26244966 41.63641914 3.56244906 41.63641914 0 P 0
L 3.35000092 5.00000016 6.6499994 5.00000016 0 P 0
L 3.35000092 39.99999874 6.6499994 39.99999874 0 P 0
L 3.41244936 3.21358006 3.41244936 3.51357946 0 P 0
L 3.41244936 6.48642086 3.41244936 6.78642026 0 P 0
L 3.41244936 38.21357864 3.41244936 38.51357804 0 P 0
L 3.41244936 41.48641944 3.41244936 41.78641884 0 P 0
L 4.85000046 2.71400016 5.14999986 2.71400016 0 P 0
L 4.85000046 7.28600016 5.14999986 7.28600016 0 P 0
L 4.85000046 37.71399874 5.14999986 37.71399874 0 P 0
L 4.85000046 42.28599874 5.14999986 42.28599874 0 P 0
L 5.00000016 2.56400046 5.00000016 2.86399986 0 P 0
L 5.00000016 3.35000092 5.00000016 6.6499994 0 P 0
L 5.00000016 7.13600046 5.00000016 7.43599986 0 P 0
L 5.00000016 37.56399904 5.00000016 37.86399844 0 P 0
L 5.00000016 38.3499995 5.00000016 41.64999798 0 P 0
L 5.00000016 42.13599904 5.00000016 42.43599844 0 P 0
L 6.43755126 3.36357976 6.73755066 3.36357976 0 P 0
L 6.43755126 6.63642056 6.73755066 6.63642056 0 P 0
L 6.43755126 38.36357834 6.73755066 38.36357834 0 P 0
L 6.43755126 41.63641914 6.73755066 41.63641914 0 P 0
L 6.58755096 3.21358006 6.58755096 3.51357946 0 P 0
L 6.58755096 6.48642086 6.58755096 6.78642026 0 P 0
L 6.58755096 38.21357864 6.58755096 38.51357804 0 P 0
L 6.58755096 41.48641944 6.58755096 41.78641884 0 P 0
L 7.13600046 5.00000016 7.43599986 5.00000016 0 P 0
L 7.13600046 39.99999874 7.43599986 39.99999874 0 P 0
L 7.28600016 4.85000046 7.28600016 5.14999986 0 P 0
L 7.28600016 39.84999904 7.28600016 40.14999844 0 P 0
L 8.00000178 11.3650014 9.77000078 11.3650014 0 P 0
L 8.00000178 20.63500064 9.77000078 20.63500064 0 P 0
L 8.00000178 24.0650014 9.77000078 24.0650014 0 P 0
L 8.00000178 33.33500064 9.77000078 33.33500064 0 P 0
L 8.88500128 10.4800019 8.88500128 12.2500009 0 P 0
L 8.88500128 19.75000114 8.88500128 21.52000014 0 P 0
L 8.88500128 23.1800019 8.88500128 24.9500009 0 P 0
L 8.88500128 32.45000114 8.88500128 34.22000014 0 P 0
L 11.00000086 16.00000102 12.76999986 16.00000102 0 P 0
L 11.00000086 28.70000102 12.76999986 28.70000102 0 P 0
L 11.88500036 15.11500152 11.88500036 16.88500052 0 P 0
L 11.88500036 27.81500152 11.88500036 29.58500052 0 P 0
L 14.28100014 21.35799894 14.68099934 21.35799894 0 P 0
L 14.28100014 27.70799894 14.68099934 27.70799894 0 P 0
L 14.48099974 21.15799934 14.48099974 21.55799854 0 P 0
L 14.48099974 27.50799934 14.48099974 27.90799854 0 P 0
L 15.5480004 13.335 15.9479996 13.335 0 P 0
L 15.748 13.1350004 15.748 13.5349996 0 P 0
L 17.5840009 5.588 18.5540015 5.588 0 P 0
L 18.0690012 5.1029997 18.0690012 6.0730003 0 P 0
L 19.2310004 9.398 19.6309996 9.398 0 P 0
L 19.431 9.1980004 19.431 9.5979996 0 P 0
L 22.25799968 18.56400148 23.20800032 18.56400148 0 P 0
L 22.51199968 26.43800148 23.46200032 26.43800148 0 P 0
L 22.733 18.08900116 22.733 19.0390018 0 P 0
L 22.987 25.96300116 22.987 26.9130018 0 P 0
L 23.52799968 19.83400148 24.47800032 19.83400148 0 P 0
L 23.78199968 27.70800148 24.73200032 27.70800148 0 P 0
L 24.003 19.35900116 24.003 20.3090018 0 P 0
L 24.257 27.23300116 24.257 28.1830018 0 P 0
L 24.79799968 18.56400148 25.74800032 18.56400148 0 P 0
L 25.05199968 26.43800148 26.00200032 26.43800148 0 P 0
L 25.1339985 5.588 26.1039991 5.588 0 P 0
L 25.273 18.08900116 25.273 19.0390018 0 P 0
L 25.527 25.96300116 25.527 26.9130018 0 P 0
L 25.6189988 5.1029997 25.6189988 6.0730003 0 P 0
L 28.5020004 8.89 28.9019996 8.89 0 P 0
L 28.5020004 11.43 28.9019996 11.43 0 P 0
L 28.5020004 13.97 28.9019996 13.97 0 P 0
L 28.5020004 16.51 28.9019996 16.51 0 P 0
L 28.5020004 19.05 28.9019996 19.05 0 P 0
L 28.5020004 21.59 28.9019996 21.59 0 P 0
L 28.5020004 24.13 28.9019996 24.13 0 P 0
L 28.5020004 26.67 28.9019996 26.67 0 P 0
L 28.5020004 29.21 28.9019996 29.21 0 P 0
L 28.5020004 31.75 28.9019996 31.75 0 P 0
L 28.5020004 34.29 28.9019996 34.29 0 P 0
L 28.5020004 36.83 28.9019996 36.83 0 P 0
L 28.5020004 39.37 28.9019996 39.37 0 P 0
L 28.702 8.6900004 28.702 9.0899996 0 P 0
L 28.702 11.2300004 28.702 11.6299996 0 P 0
L 28.702 13.7700004 28.702 14.1699996 0 P 0
L 28.702 16.3100004 28.702 16.7099996 0 P 0
L 28.702 18.8500004 28.702 19.2499996 0 P 0
L 28.702 21.3900004 28.702 21.7899996 0 P 0
L 28.702 23.9300004 28.702 24.3299996 0 P 0
L 28.702 26.4700004 28.702 26.8699996 0 P 0
L 28.702 29.0100004 28.702 29.4099996 0 P 0
L 28.702 31.5500004 28.702 31.9499996 0 P 0
L 28.702 34.0900004 28.702 34.4899996 0 P 0
L 28.702 36.6300004 28.702 37.0299996 0 P 0
L 28.702 39.1700004 28.702 39.5699996 0 P 0
L 30.2800004 6.604 30.6799996 6.604 0 P 0
L 30.48 6.4040004 30.48 6.8039996 0 P 0
L 31.2960004 29.718 31.6959996 29.718 0 P 0
L 31.496 29.5180004 31.496 29.9179996 0 P 0
L 31.5500004 41.91 31.9499996 41.91 0 P 0
L 31.75 41.7100004 31.75 42.1099996 0 P 0
L 32.8200004 6.604 33.2199996 6.604 0 P 0
L 33.02 6.4040004 33.02 6.8039996 0 P 0
L 33.2867 19.05 34.2773 19.05 0 P 0
L 33.2867 26.67 34.2773 26.67 0 P 0
L 33.782 18.5547 33.782 19.5453 0 P 0
L 33.782 26.1747 33.782 27.1653 0 P 0
L 34.1400003 41.91 34.4399997 41.91 0 P 0
L 34.29 41.7600003 34.29 42.0599997 0 P 0
L 34.70200324 37.211 35.40200184 37.211 0 P 0
L 35.05200254 36.8610007 35.05200254 37.5609993 0 P 0
L 35.3600004 6.604 35.7599996 6.604 0 P 0
L 35.44595146 35.41495076 36.14595006 35.41495076 0 P 0
L 35.44595146 39.00704924 36.14595006 39.00704924 0 P 0
L 35.56 6.4040004 35.56 6.8039996 0 P 0
L 35.79595076 35.06495146 35.79595076 35.76495006 0 P 0
L 35.79595076 38.65704994 35.79595076 39.35704854 0 P 0
L 35.8267 19.05 36.8173 19.05 0 P 0
L 35.8267 26.67 36.8173 26.67 0 P 0
L 36.322 18.5547 36.322 19.5453 0 P 0
L 36.322 26.1747 36.322 27.1653 0 P 0
L 37.9000004 6.604 38.2999996 6.604 0 P 0
L 38.1 6.4040004 38.1 6.8039996 0 P 0
L 38.3667 19.05 39.3573 19.05 0 P 0
L 38.3667 26.67 39.3573 26.67 0 P 0
L 38.862 18.5547 38.862 19.5453 0 P 0
L 38.862 26.1747 38.862 27.1653 0 P 0
L 39.03804994 35.41495076 39.73804854 35.41495076 0 P 0
L 39.03804994 39.00704924 39.73804854 39.00704924 0 P 0
L 39.38804924 35.06495146 39.38804924 35.76495006 0 P 0
L 39.38804924 38.65704994 39.38804924 39.35704854 0 P 0
L 39.5280007 13.462 40.2279993 13.462 0 P 0
L 39.78199816 37.211 40.48199676 37.211 0 P 0
L 39.878 13.1120007 39.878 13.8119993 0 P 0
L 40.13199746 36.8610007 40.13199746 37.5609993 0 P 0
L 40.4400004 6.604 40.8399996 6.604 0 P 0
L 40.64 6.4040004 40.64 6.8039996 0 P 0
L 40.7980007 12.192 41.4979993 12.192 0 P 0
L 40.7980007 14.732 41.4979993 14.732 0 P 0
L 40.9067 19.05 41.8973 19.05 0 P 0
L 40.9067 26.67 41.8973 26.67 0 P 0
L 41.148 11.8420007 41.148 12.5419993 0 P 0
L 41.148 14.3820007 41.148 15.0819993 0 P 0
L 41.402 18.5547 41.402 19.5453 0 P 0
L 41.402 26.1747 41.402 27.1653 0 P 0
L 41.58600014 31.62000026 41.98599934 31.62000026 0 P 0
L 41.7600003 41.91 42.0599997 41.91 0 P 0
L 41.78599974 31.42000066 41.78599974 31.81999986 0 P 0
L 41.91 41.7600003 41.91 42.0599997 0 P 0
L 42.9800004 6.604 43.3799996 6.604 0 P 0
L 43.18 6.4040004 43.18 6.8039996 0 P 0
L 43.3610004 35.687 43.7609996 35.687 0 P 0
L 43.561 35.4870004 43.561 35.8869996 0 P 0
L 44.2500004 41.91 44.6499996 41.91 0 P 0
L 44.25300014 32.84000036 44.65299934 32.84000036 0 P 0
L 44.45 41.7100004 44.45 42.1099996 0 P 0
L 44.45299974 32.64000076 44.45299974 33.03999996 0 P 0
L 45.5200004 6.604 45.9199996 6.604 0 P 0
L 45.6740006 21.082 46.2739994 21.082 0 P 0
L 45.72 6.4040004 45.72 6.8039996 0 P 0
L 45.974 20.7820006 45.974 21.3819994 0 P 0
L 46.2820004 9.21200088 46.6819996 9.21200088 0 P 0
L 46.482 9.01200128 46.482 9.41200048 0 P 0
L 46.8400003 41.91 47.1399997 41.91 0 P 0
L 46.9440006 19.812 47.5439994 19.812 0 P 0
L 46.9440006 22.352 47.5439994 22.352 0 P 0
L 46.99 41.7600003 46.99 42.0599997 0 P 0
L 47.0440004 30.48 47.4439996 30.48 0 P 0
L 47.244 19.5120006 47.244 20.1119994 0 P 0
L 47.244 22.0520006 47.244 22.6519994 0 P 0
L 47.244 30.2800004 47.244 30.6799996 0 P 0
L 48.1100003 6.604 48.4099997 6.604 0 P 0
L 48.26 6.4540003 48.26 6.7539997 0 P 0
L 49.3300004 41.91 49.7299996 41.91 0 P 0
L 49.53 41.7100004 49.53 42.1099996 0 P 0
L 50.6000004 6.604 50.9999996 6.604 0 P 0
L 50.8 6.4040004 50.8 6.8039996 0 P 0
L 51.6160004 13.208 52.0159996 13.208 0 P 0
L 51.816 13.0080004 51.816 13.4079996 0 P 0
L 51.9200003 41.91 52.2199997 41.91 0 P 0
L 52.07 41.7600003 52.07 42.0599997 0 P 0
L 53.1900003 6.604 53.4899997 6.604 0 P 0
L 53.34 6.4540003 53.34 6.7539997 0 P 0
L 54.4100004 13.208 54.8099996 13.208 0 P 0
L 54.4100004 41.91 54.8099996 41.91 0 P 0
L 54.61 13.0080004 54.61 13.4079996 0 P 0
L 54.61 41.7100004 54.61 42.1099996 0 P 0
L 55.6800004 6.604 56.0799996 6.604 0 P 0
L 55.88 6.4040004 55.88 6.8039996 0 P 0
L 57.0000003 41.91 57.2999997 41.91 0 P 0
L 57.15 41.7600003 57.15 42.0599997 0 P 0
L 58.2700003 6.604 58.5699997 6.604 0 P 0
L 58.42 6.4540003 58.42 6.7539997 0 P 0
L 59.4900004 41.91 59.8899996 41.91 0 P 0
L 59.69 41.7100004 59.69 42.1099996 0 P 0
L 60.7600004 6.604 61.1599996 6.604 0 P 0
L 60.96 6.4040004 60.96 6.8039996 0 P 0
L 62.0800003 41.91 62.3799997 41.91 0 P 0
L 62.23 41.7600003 62.23 42.0599997 0 P 0
L 62.2840004 13.1580001 62.6839996 13.1580001 0 P 0
L 62.2840004 19.99199964 62.6839996 19.99199964 0 P 0
L 62.484 12.9580005 62.484 13.3579997 0 P 0
L 62.484 19.79200004 62.484 20.19199924 0 P 0
L 63.3500003 6.604 63.6499997 6.604 0 P 0
L 63.5 6.4540003 63.5 6.7539997 0 P 0
L 64.5700004 13.97 64.9699996 13.97 0 P 0
L 64.5700004 19.05 64.9699996 19.05 0 P 0
L 64.5700004 24.13 64.9699996 24.13 0 P 0
L 64.5700004 29.21 64.9699996 29.21 0 P 0
L 64.5700004 34.29 64.9699996 34.29 0 P 0
L 64.5700004 39.116 64.9699996 39.116 0 P 0
L 64.57154472 8.93468622 64.97154392 8.93468622 0 P 0
L 64.6200003 11.43 64.9199997 11.43 0 P 0
L 64.6200003 16.51 64.9199997 16.51 0 P 0
L 64.6200003 21.59 64.9199997 21.59 0 P 0
L 64.6200003 26.67 64.9199997 26.67 0 P 0
L 64.6200003 31.75 64.9199997 31.75 0 P 0
L 64.6200003 36.83 64.9199997 36.83 0 P 0
L 64.77 11.2800003 64.77 11.5799997 0 P 0
L 64.77 13.7700004 64.77 14.1699996 0 P 0
L 64.77 16.3600003 64.77 16.6599997 0 P 0
L 64.77 18.8500004 64.77 19.2499996 0 P 0
L 64.77 21.4400003 64.77 21.7399997 0 P 0
L 64.77 23.9300004 64.77 24.3299996 0 P 0
L 64.77 26.5200003 64.77 26.8199997 0 P 0
L 64.77 29.0100004 64.77 29.4099996 0 P 0
L 64.77 31.6000003 64.77 31.8999997 0 P 0
L 64.77 34.0900004 64.77 34.4899996 0 P 0
L 64.77 36.6800003 64.77 36.9799997 0 P 0
L 64.77 38.9160004 64.77 39.3159996 0 P 0
L 64.77154432 8.73468662 64.77154432 9.13468582 0 P 0
L 67.564 5.00000016 67.8639994 5.00000016 0 P 0
L 67.564 39.99999874 67.8639994 39.99999874 0 P 0
L 67.7139997 4.85000046 67.7139997 5.14999986 0 P 0
L 67.7139997 39.84999904 67.7139997 40.14999844 0 P 0
L 68.2624492 3.36357976 68.5624486 3.36357976 0 P 0
L 68.2624492 6.63642056 68.5624486 6.63642056 0 P 0
L 68.2624492 38.36357834 68.5624486 38.36357834 0 P 0
L 68.2624492 41.63641914 68.5624486 41.63641914 0 P 0
L 68.35000046 5.00000016 71.64999894 5.00000016 0 P 0
L 68.35000046 39.99999874 71.64999894 39.99999874 0 P 0
L 68.4124489 3.21358006 68.4124489 3.51357946 0 P 0
L 68.4124489 6.48642086 68.4124489 6.78642026 0 P 0
L 68.4124489 38.21357864 68.4124489 38.51357804 0 P 0
L 68.4124489 41.48641944 68.4124489 41.78641884 0 P 0
L 69.2000013 19.96000072 70.4999987 19.96000072 0 P 0
L 69.2000013 25.04000072 70.4999987 25.04000072 0 P 0
L 69.85 2.71400016 70.1499994 2.71400016 0 P 0
L 69.85 7.28600016 70.1499994 7.28600016 0 P 0
L 69.85 19.31000202 69.85 20.60999942 0 P 0
L 69.85 24.39000202 69.85 25.68999942 0 P 0
L 69.85 37.71399874 70.1499994 37.71399874 0 P 0
L 69.85 42.28599874 70.1499994 42.28599874 0 P 0
L 69.9999997 2.56400046 69.9999997 2.86399986 0 P 0
L 69.9999997 3.35000092 69.9999997 6.6499994 0 P 0
L 69.9999997 7.13600046 69.9999997 7.43599986 0 P 0
L 69.9999997 37.56399904 69.9999997 37.86399844 0 P 0
L 69.9999997 38.3499995 69.9999997 41.64999798 0 P 0
L 69.9999997 42.13599904 69.9999997 42.43599844 0 P 0
L 71.4375508 3.36357976 71.7375502 3.36357976 0 P 0
L 71.4375508 6.63642056 71.7375502 6.63642056 0 P 0
L 71.4375508 38.36357834 71.7375502 38.36357834 0 P 0
L 71.4375508 41.63641914 71.7375502 41.63641914 0 P 0
L 71.5875505 3.21358006 71.5875505 3.51357946 0 P 0
L 71.5875505 6.48642086 71.5875505 6.78642026 0 P 0
L 71.5875505 38.21357864 71.5875505 38.51357804 0 P 0
L 71.5875505 41.48641944 71.5875505 41.78641884 0 P 0
L 72.136 5.00000016 72.4359994 5.00000016 0 P 0
L 72.136 39.99999874 72.4359994 39.99999874 0 P 0
L 72.2859997 4.85000046 72.2859997 5.14999986 0 P 0
L 72.2859997 39.84999904 72.2859997 40.14999844 0 P 0
